1.1266023283923086e-5 -6.610638384728017e8
1.2640165467836552e-5 -5.84174047410045e8
1.41819148627439e-5 -5.1882360410843456e8
1.591171489692061e-5 -4.647574465780166e8
1.7852502529542035e-5 -4.225218475348934e8
2.0030012392252263e-5 -3.9438552023947555e8
2.247311802756379e-5 -3.873222195823256e8
2.521421474887183e-5 -4.264465220026012e8
2.8289649198765197e-5 -6.8076698970694e8
3.174020130152991e-5 1.0889967980360153e9
3.561162500048303e-5 1.3579864760607448e8
3.995525495025451e-5 3.514800956023139e7
4.482868720869053e-5 5.0596139244737085e6
5.029654295427824e-5 -5.5724464971429985e6
5.643132535590152e-5 -8.901403982371924e6
6.331438095692697e-5 -9.161607403681926e6
7.103697832146787e-5 -8.128954923359022e6
7.970151824555755e-5 -6.623410387904105e6
8.94228915804999e-5 -5.038572404905704e6
0.0001003300026729861 -3.5607264791239575e6
0.00011256747862262682 -2.2700828709813496e6
0.00012629758702146766 -1.191395468194532e6
0.00014170238760450414 -320698.5526503505
0.00015898614634184648 360064.7664058627
0.00017837804398313138 874901.9102539979
0.0002001352149691865 1.2492526979354403e6
0.00022454615700657796 1.5075522547200953e6
0.00025193455651563245 1.6720086616457417e6
0.00028266358067695205 1.7620914984613205e6
0.00031714069298849085 1.7944307675250713e6
0.0003558230561869519 1.7829440883140727e6
0.00039922359417565403 1.739081131130703e6
0.0004479177933393616 1.6721179398478812e6
0.0005025513334307787 1.5894610718969833e6
0.0005638486492134177 1.4969386601901012e6
0.0006326225363872928 1.399066315706673e6
0.0007097849291709694 1.2992825310098412e6
0.0007963589924495093 1.2001523546708098e6
0.000893492688828897 1.1035405108591511e6
0.0010024740004945794 1.0107564425995972e6
0.0011247480077143136 922674.3611105956
0.001261936050444388 839831.5522770425
0.0014158572271200447 762508.100131629
0.0015885525157016698 690790.9514568876
0.0017823118368192265 624624.9397994966
0.0019997044178692407 563853.0583311669
0.002243612860688948 508247.947626567
0.0025172713645412355 457536.2627878335
0.002824308611242986 411417.31260941306
0.00316879588108889 369577.12469366705
0.00355530103758269 331698.88448795356
0.003988949096807404 297470.5211808254
0.004475490184577804 266590.06637888774
0.005021375782479522 238769.28920819456
0.005633844273808952 213736.0106268746
0.006321016923743719 191235.41714737812
0.007092005566430292 171030.6269720499
0.00795703342690773 152902.7071938561
0.00892757067995306 136650.29698807804
0.010016486543343733 122088.95672399967
0.011238219922277179 109050.33505551305
0.012608970867673795 97381.2239657563
0.014146915387079491 86942.55433160032
0.015872446456536952 77608.37092340508
0.017808444429216464 69264.81511449882
0.019980580426395375 61809.13533307891
0.022417656733717258 55148.73895224422
0.02515198871634791 49200.29448269076
0.02821983331718154 43888.88928664332
0.031661869819936087 39147.24531417439
0.035523739252004256 34914.99336941206
0.03985664957948259 31138.004981486585
0.044718054719198604 27767.77995446417
0.05017241637136122 24760.88700019765
0.05629205877465213 22078.454437962202
0.06315812771771662 19685.70771227581
0.07086166652344214 17551.550386569368
0.07950482327345756 15648.185277472914
0.08920220528051831 13950.772473179595
0.10008239876893306 12437.12110723561
0.11228967391382787 11087.41191914143
0.12598589784788197 9883.94781250194
0.14135268100179557 8810.929810574704
0.1585937852387284 7854.256000923597
0.17793782571430977 7001.341250445605
0.19964130228858604 6240.955655768104
0.22399200068609865 5563.07986953054
0.2513128085031016 4958.775608859844
0.2819659966617563 4420.069807566748
0.31635802308291955 3939.8510178573997
0.35494492227369867 3511.77680065012
0.3982383522951154 3130.1909661382724
0.4468123792920089 2790.04963844818
0.5013110895473005 2486.8552206194204
0.5624571299956287 2216.5974292666688
0.6310612904426284 1975.7006527867018
0.7080332545490364 1760.976963481923
0.7943936621364929 1569.5841831080597
0.8912876427598965 1398.9884637257483
1.0 1246.9309019246416


1.1266023283923086e-5 -6.534923624526083e8
1.2640165467836552e-5 -5.780943558900467e8
1.41819148627439e-5 -5.141252485140627e8
1.591171489692061e-5 -4.613747445743728e8
1.7852502529542035e-5 -4.204552704631858e8
2.0030012392252263e-5 -3.9375438376552755e8
2.247311802756379e-5 -3.8851731348068035e8
2.521421474887183e-5 -4.307310452953069e8
2.8289649198765197e-5 -6.950696386538361e8
3.174020130152991e-5 1.1323611840905888e9
3.561162500048303e-5 1.462543125593688e8
3.995525495025451e-5 4.12793480762671e7
4.482868720869053e-5 9.363691709048e6
5.029654295427824e-5 -2.3210800330445096e6
5.643132535590152e-5 -6.350285085518692e6
6.331438095692697e-5 -7.114533813584373e6
7.103697832146787e-5 -6.462314866723773e6
7.970151824555755e-5 -5.252729165304235e6
8.94228915804999e-5 -3.9028417126179314e6
0.0001003300026729861 -2.614163290371728e6
0.00011256747862262682 -1.4773879552500607e6
0.00012629758702146766 -524820.7317311877
0.00014170238760450414 241877.43901176972
0.00015898614634184648 836462.405004081
0.00017837804398313138 1.2795903266138006e6
0.0002001352149691865 1.594052079795114e6
0.00022454615700657796 1.8021662755599169e6
0.00025193455651563245 1.9244360179330746e6
0.00028266358067695205 1.9789487832832364e6
0.00031714069298849085 1.9812086794988434e6
0.0003558230561869519 1.9442125028746827e6
0.00039922359417565403 1.8786543210024764e6
0.0004479177933393616 1.7931883587878007e6
0.0005025513334307787 1.6947081071964512e6
0.0005638486492134177 1.5886173136569813e6
0.0006326225363872928 1.4790797049628014e6
0.0007097849291709694 1.369241296450757e6
0.0007963589924495093 1.2614234370360994e6
0.000893492688828897 1.1572872800141776e6
0.0010024740004945794 1.057971775631704e6
0.0011247480077143136 964207.9631471614
0.001261936050444388 876412.5691598557
0.0014158572271200447 794763.8753504178
0.0015885525157016698 719262.6207914618
0.0017823118368192265 649780.4284061389
0.0019997044178692407 586097.9406257083
0.002243612860688948 527934.5455790412
0.0025172713645412355 474971.28940573306
0.002824308611242986 426868.311435148
0.00316879588108889 383277.9106433647
0.00355530103758269 343854.15434289916
0.003988949096807404 308259.7719119581
0.004475490184577804 276170.9349423959
0.005021375782479522 247280.4074442098
0.005633844273808952 221299.45256964635
0.006321016923743719 197958.80272136757
0.007092005566430292 177008.93514229573
0.00795703342690773 158219.84270526457
0.00892757067995306 141380.44749784874
0.010016486543343733 126297.77110511914
0.011238219922277179 112795.94868481018
0.012608970867673795 100715.15271107374
0.014146915387079491 89910.47556008553
0.015872446456536952 80250.80703776599
0.017808444429216464 71617.73278166664
0.019980580426395375 63904.47161513664
0.022417656733717258 57014.86391369466
0.02515198871634791 50862.41847501401
0.02821983331718154 45369.421954902245
0.031661869819936087 40466.112393866075
0.035523739252004256 36089.916514351215
0.03985664957948259 32184.749160290245
0.044718054719198604 28700.37235371115
0.05017241637136122 25591.810859728404
0.05629205877465213 22818.820804189232
0.06315812771771662 20345.40771732504
0.07086166652344214 18139.390335068023
0.07950482327345756 16172.00654094295
0.08920220528051831 14417.5579477073
0.10008239876893306 12853.089777865394
0.11228967391382787 11458.102889670952
0.12598589784788197 10214.294998155163
0.14135268100179557 9105.328350122347
0.1585937852387284 8116.621321433421
0.17793782571430977 7235.16160962153
0.19964130228858604 6449.338891769963
0.22399200068609865 5748.7950045396055
0.2513128085031016 5124.289878998619
0.2819659966617563 4567.581626830404
0.31635802308291955 4071.319326379227
0.35494492227369867 3628.94719696214
0.3982383522951154 3234.618978285084
0.4468123792920089 2883.1214491579153
0.5013110895473005 2569.8061266137684
0.5624571299956287 2290.5282836639058
0.6310612904426284 2041.5925119473786
0.7080332545490364 1819.704135154417
0.7943936621364929 1621.9258509895897
0.8912876427598965 1445.639044246462
1.0 1288.5092719090724


1.1266023283923086e-5 -6.46379563058151e8
1.2640165467836552e-5 -5.724105235669112e8
1.41819148627439e-5 -5.097676047757302e8
1.591171489692061e-5 -4.582844519306866e8
1.7852502529542035e-5 -4.1863890233293635e8
2.0030012392252263e-5 -3.933366883106805e8
2.247311802756379e-5 -3.8989390853420997e8
2.521421474887183e-5 -4.351694117338138e8
2.8289649198765197e-5 -7.095022607236184e8
3.174020130152991e-5 1.1756161256024585e9
3.561162500048303e-5 1.5661812358068228e8
3.995525495025451e-5 4.7333849330898605e7
4.482868720869053e-5 1.36037026737078e7
5.029654295427824e-5 877037.9593230899
5.643132535590152e-5 -3.8432853802434364e6
6.331438095692697e-5 -5.103905014615251e6
7.103697832146787e-5 -4.825692579761096e6
7.970151824555755e-5 -3.9067031853231275e6
8.94228915804999e-5 -2.7873079411355094e6
0.0001003300026729861 -1.684103231883274e6
0.00011256747862262682 -698145.9145491939
0.00012629758702146766 130812.0502823371
0.00014170238760450414 795572.2794123368
0.00015898614634184648 1.305665535454871e6
0.00017837804398313138 1.6784610338672898e6
0.0002001352149691865 1.934154882768567e6
0.00022454615700657796 2.0929945868394927e6
0.00025193455651563245 2.173816155340622e6
0.00028266358067695205 2.19335642730525e6
0.00031714069298849085 2.166019646580205e6
0.0003558230561869519 2.1039032390078497e6
0.00039922359417565403 2.016963288104856e6
0.0004479177933393616 1.9132466233651543e6
0.0005025513334307787 1.7991454426137046e6
0.0005638486492134177 1.6796486921476622e6
0.0006326225363872928 1.558575997926747e6
0.0007097849291709694 1.4387872048381115e6
0.0007963589924495093 1.3223650621933995e6
0.000893492688828897 1.2107712691307084e6
0.0010024740004945794 1.1049776006322855e6
0.0011247480077143136 1.0055745934939722e6
0.001261936050444388 912860.5602162085
0.0014158572271200447 826913.701907345
0.0015885525157016698 747649.9303771537
0.0017823118368192265 674868.7636306334
0.0019997044178692407 608289.3782294203
0.002243612860688948 547578.617444255
0.0025172713645412355 492372.48387827305
0.002824308611242986 442292.39893803117
0.00316879588108889 396957.2933665346
0.00355530103758269 355992.40384029876
0.003988949096807404 319035.4891722545
0.004475490184577804 285741.04366074706
0.005021375782479522 255782.971786441
0.005633844273808952 228856.09485747744
0.006321016923743719 204676.78350531225
0.007092005566430292 182982.94752238248
0.00795703342690773 163533.5640670138
0.00892757067995306 146107.8846940713
0.010016486543343733 130504.42924311328
0.011238219922277179 116539.84883854614
0.012608970867673795 104047.719878653
0.014146915387079491 92877.31487391399
0.015872446456536952 82892.38348343065
0.017808444429216464 73969.96738999458
0.019980580426395375 65999.26517795492
0.022417656733717258 58880.55767044075
0.02515198871634791 52524.19987007256
0.02821983331718154 46849.68242995941
0.031661869819936087 41784.7632194327
0.035523739252004256 37264.667850275066
0.03985664957948259 33231.35684227676
0.044718054719198604 29632.85631167005
0.05017241637136122 26422.648567756074
0.05629205877465213 23559.11872765413
0.06315812771771662 21005.05334865296
0.07086166652344214 18727.18708714352
0.07950482327345756 16695.7934878312
0.08920220528051831 14884.316160214943
0.10008239876893306 13269.036790908467
0.11228967391382787 11828.776654976771
0.12598589784788197 10544.628515681226
0.14135268100179557 9399.716031508571
0.1585937852387284 8378.97801608483
0.17793782571430977 7468.975116325897
0.19964130228858604 6657.716684109668
0.22399200068609865 5934.5058150656105
0.2513128085031016 5289.80071374423
0.2819659966617563 4715.090717003237
0.31635802308291955 4202.7854669029175
0.35494492227369867 3746.1158710119967
0.3982383522951154 3339.045622264873
0.4468123792920089 2976.1921729953247
0.5013110895473005 2652.756169197173
0.5624571299956287 2364.4584521683905
0.6310612904426284 2107.4838262359644
0.7080332545490364 1878.4308739816847
0.7943936621364929 1674.2671750199927
0.8912876427598965 1492.2893516128713
1.0 1330.0874249006424


1.1266023283923086e-5 -6.396904218526872e8
1.2640165467836552e-5 -5.670923279059243e8
1.41819148627439e-5 -5.057246606750058e8
1.591171489692061e-5 -4.554642441636513e8
1.7852502529542035e-5 -4.170536405226092e8
2.0030012392252263e-5 -3.93116138362135e8
2.247311802756379e-5 -3.9143814773262775e8
2.521421474887183e-5 -4.397498759049768e8
2.8289649198765197e-5 -7.240549329000999e8
3.174020130152991e-5 1.2187699782989073e9
3.561162500048303e-5 1.6689709341260123e8
3.995525495025451e-5 5.331737959379601e7
4.482868720869053e-5 1.7784538107336316e7
5.029654295427824e-5 4.0259728238956e6
5.643132535590152e-5 -1.377036512824354e6
6.331438095692697e-5 -3.1269385680342764e6
7.103697832146787e-5 -3.216796305469572e6
7.970151824555755e-5 -2.583450102086662e6
8.94228915804999e-5 -1.6904291226451206e6
0.0001003300026729861 -769286.3444830707
0.00011256747862262682 68670.33344204287
0.00012629758702146766 776338.2597212782
0.00014170238760450414 1.3410640149487492e6
0.00015898614634184648 1.7682234345565639e6
0.00017837804398313138 2.0719581947794606e6
0.0002001352149691865 2.2699196750526573e6
0.00022454615700657796 2.380326214908373e6
0.00025193455651563245 2.4203817189076017e6
0.00028266358067695205 2.4055014524652143e6
0.00031714069298849085 2.349013838477893e6
0.0003558230561869519 2.262136747220775e6
0.00039922359417565403 2.154104551646788e6
0.0004479177933393616 2.0323700082033477e6
0.0005025513334307787 1.9028348960450883e6
0.0005638486492134177 1.770082212956458e6
0.0006326225363872928 1.6375946731827278e6
0.0007097849291709694 1.5079517764365163e6
0.0007963589924495093 1.383002383106148e6
0.000893492688828897 1.2640125405917799e6
0.0010024740004945794 1.151789912843606e6
0.0011247480077143136 1.0467869998848942e6
0.001261936050444388 949185.6815260663
0.0014158572271200447 858965.6686308036
0.0015885525157016698 775959.3208005646
0.0017823118368192265 699895.0724106369
0.0019997044178692407 630431.4514669152
0.002243612860688948 567183.4099477078
0.0025172713645412355 509742.42917736823
0.002824308611242986 457691.62970816833
0.00316879588108889 410616.9069284248
0.00355530103758269 368114.93242791283
0.003988949096807404 329798.70619725756
0.004475490184577804 295301.2140123768
0.005021375782479522 264277.6352962644
0.005633844273808952 236406.4566214355
0.006321016923743719 211389.77213697857
0.007092005566430292 188952.9920816191
0.00795703342690773 168844.13193808927
0.00892757067995306 150832.81572922214
0.010016486543343733 134709.09575998213
0.011238219922277179 120282.16633488823
0.012608970867673795 107379.02942043162
0.014146915387079491 95843.15487367584
0.015872446456536952 85533.16589324837
0.017808444429216464 76321.57108875607
0.019980580426395375 68093.55745634488
0.022417656733717258 60745.853143529304
0.02515198871634791 54185.66482402953
0.02821983331718154 48329.69149286158
0.031661869819936087 43103.21430115839
0.035523739252004256 38439.26049423123
0.03985664957948259 34277.83844852471
0.044718054719198604 30565.240107472997
0.05017241637136122 27253.40670166175
0.05629205877465213 24299.353433734443
0.06315812771771662 21664.64875751258
0.07086166652344214 19314.94394069929
0.07950482327345756 17219.54873809471
0.08920220528051831 15351.049192067203
0.10008239876893306 13684.963799849635
0.11228967391382787 12199.43452862057
0.12598589784788197 10874.949408596238
0.14135268100179557 9694.093683717936
0.1585937852387284 8641.326743433461
0.17793782571430977 7702.7822937221445
0.19964130228858604 6866.089448392741
0.22399200068609865 6120.212631268471
0.2513128085031016 5455.308375377537
0.2819659966617563 4862.597286442265
0.31635802308291955 4334.249604947928
0.35494492227369867 3863.2829542886857
0.3982383522951154 3443.4710025326485
0.4468123792920089 3069.261892939499
0.5013110895473005 2735.705414288194
0.5624571299956287 2438.387987145759
0.6310612904426284 2173.3746372516357
0.7080332545490364 1937.157213010022
0.7943936621364929 1726.608181451161
0.8912876427598965 1538.9394066794007
1.0 1371.665377466035


1.1266023283923086e-5 -6.333935525724125e8
1.2640165467836552e-5 -5.6211268110604e8
1.41819148627439e-5 -5.0197310202582663e8
1.591171489692061e-5 -4.528941123240517e8
1.7852502529542035e-5 -4.1568236376767445e8
2.0030012392252263e-5 -3.930781286059151e8
2.247311802756379e-5 -3.931376113387647e8
2.521421474887183e-5 -4.444619106502535e8
2.8289649198765197e-5 -7.387187613995259e8
3.174020130152991e-5 1.2618302312367048e9
3.561162500048303e-5 1.7709750742389935e8
3.995525495025451e-5 5.9235196674974315e7
4.482868720869053e-5 2.191058196585837e7
5.029654295427824e-5 7.129368240091509e6
5.643132535590152e-5 1.051480498975721e6
6.331438095692697e-5 -1.181140634468612e6
7.103697832146787e-5 -1.6335719918550353e6
7.970151824555755e-5 -1.2812828098964458e6
8.94228915804999e-5 -610823.2249068947
0.0001003300026729861 131416.64585549862
0.00011256747862262682 823981.3402864371
0.00012629758702146766 1.4125066312052628e6
0.00014170238760450414 1.8789603638711725e6
0.00015898614634184648 2.224628407166195e6
0.00017837804398313138 2.460479902783687e6
0.0002001352149691865 2.601667833529552e6
0.00022454615700657796 2.6644202078023166e6
0.00025193455651563245 2.6643412233266407e6
0.00028266358067695205 2.615551482461523e6
0.00031714069298849085 2.530325849038242e6
0.0003558230561869519 2.4190209846853404e6
0.00039922359417565403 2.290164619697622e6
0.0004479177933393616 2.150627772867949e6
0.0005025513334307787 2.0058318735276232e6
0.0005638486492134177 1.8599621677302879e6
0.0006326225363872928 1.7161711145277978e6
0.0007097849291709694 1.5767632621741176e6
0.0007963589924495093 1.4433579438288324e6
0.000893492688828897 1.3170290758752967e6
0.0010024740004945794 1.1984230484536833e6
0.0011247480077143136 1.087856607836748e6
0.001261936050444388 985397.0357631819
0.0014158572271200447 890927.0253618893
0.0015885525157016698 804196.564619493
0.0017823118368192265 724863.9499089489
0.0019997044178692407 652527.8174444658
0.002243612860688948 586751.8330589039
0.0025172713645412355 527083.4403646105
0.002824308611242986 473067.8452300191
0.00316879588108889 424258.21590620454
0.00355530103758269 380222.9047725283
0.003988949096807404 340550.34905352903
0.004475490184577804 304852.1822705541
0.005021375782479522 272764.9832983983
0.005633844273808952 243951.0031474143
0.006321016923743719 218098.1384546286
0.007092005566430292 194919.3627717695
0.00795703342690773 174151.7799414746
0.00892757067995306 155555.42626956364
0.010016486543343733 138911.91820284651
0.011238219922277179 124023.01842331671
0.012608970867673795 110709.17450627188
0.014146915387079491 98808.0695924849
0.015872446456536952 88173.21309251562
0.017808444429216464 78672.59061821157
0.019980580426395375 70187.38558742724
0.022417656733717258 62610.7798393791
0.02515198871634791 55846.836780085505
0.02821983331718154 49809.46776920938
0.031661869819936087 44421.48043685193
0.035523739252004256 39613.7062027444
0.03985664957948259 35324.20331922034
0.044718054719198604 31497.531161526185
0.05017241637136122 28084.091156609127
0.05629205877465213 25039.52960582249
0.06315812771771662 22324.19766458175
0.07086166652344214 19902.663851574485
0.07950482327345756 17743.274639944004
0.08920220528051831 15817.758908746
0.10008239876893306 14100.872286671392
0.11228967391382787 12570.077687919127
0.12598589784788197 11205.258612181005
0.14135268100179557 9988.46204975128
0.1585937852387284 8903.66809372842
0.17793782571430977 7936.583610710295
0.19964130228858604 7074.457557117382
0.22399200068609865 6305.915749063345
0.2513128085031016 5620.81309897517
0.2819659966617563 5010.101521893352
0.31635802308291955 4465.711888865749
0.35494492227369867 3980.4485646429357
0.3982383522951154 3547.8952127091625
0.4468123792920089 3162.330683362795
0.5013110895473005 2818.653920968199
0.5624571299956287 2512.3169355301884
0.6310612904426284 2239.264982278826
0.7080332545490364 1995.8831818581045
0.7943936621364929 1778.948893812094
0.8912876427598965 1585.5892281374163
1.0 1413.2431444536098


1.1266023283923086e-5 -6.27460730677497e8
1.2640165467836552e-5 -5.574472240806123e8
1.41819148627439e-5 -4.98491963217975e8
1.591171489692061e-5 -4.5055606308246195e8
1.7852502529542035e-5 -4.1450967552983546e8
2.0030012392252263e-5 -3.932095250076993e8
2.247311802756379e-5 -3.949811307290288e8
2.521421474887183e-5 -4.492960492740407e8
2.8289649198765197e-5 -7.53485748361579e8
3.174020130152991e-5 1.3048036190556414e9
3.561162500048303e-5 1.8722501782098135e8
3.995525495025451e-5 6.509202873415049e7
4.482868720869053e-5 2.5985776583391186e7
5.029654295427824e-5 1.0190500837952342e7
5.643132535590152e-5 3.4449805174586386e6
6.331438095692697e-5 735731.4062656997
7.103697832146787e-5 -74172.5037285903
7.970151824555755e-5 1315.844811184519
8.94228915804999e-5 452752.56403800414
0.0001003300026729861 1.0190212547076882e6
0.00011256747862262682 1.5686149249436134e6
0.00012629758702146766 2.0399904748875725e6
0.00014170238760450414 2.4098078253763174e6
0.00015898614634184648 2.675323165361007e6
0.00017837804398313138 2.8443841490074364e6
0.0002001352149691865 2.929688360887421e6
0.00022454615700657796 2.9455095181164e6
0.00025193455651563245 2.905882178372199e6
0.00028266358067695205 2.8236572552660815e6
0.00031714069298849085 2.7100767136734435e6
0.0003558230561869519 2.5746530334090316e6
0.00039922359417565403 2.425221285857262e6
0.0004479177933393616 2.2680821999988775e6
0.0005025513334307787 2.1081861997205415e6
0.0005638486492134177 1.9493283863565302e6
0.0006326225363872928 1.7943371413398706e6
0.0007097849291709694 1.645247067095992e6
0.0007963589924495093 1.5034520174200016e6
0.000893492688828897 1.3698370450785481e6
0.0010024740004945794 1.2448898994815324e6
0.0011247480077143136 1.128793691906473e6
0.001261936050444388 1.0215028086351461e6
0.0014158572271200447 922804.2916223275
0.0015885525157016698 832366.8528878505
0.0017823118368192265 749779.528390443
0.0019997044178692407 674581.7648664021
0.002243612860688948 606286.5036089096
0.0025172713645412355 544397.5992917458
0.002824308611242986 488422.70148442284
0.00316879588108889 437882.53734152287
0.00355530103758269 392317.3682171588
0.003988949096807404 351291.25051946944
0.004475490184577804 314394.610539387
0.005021375782479522 281245.5421543409
0.005633844273808952 251490.15285030767
0.006321016923743719 224802.21504052912
0.007092005566430292 200882.3239330978
0.00795703342690773 179456.71816592873
0.00892757067995306 160275.8832780977
0.010016486543343733 143113.0292555333
0.011238219922277179 127762.5105420783
0.012608970867673795 114038.23892048487
0.014146915387079491 101772.12560566154
0.015872446456536952 90812.5779807088
0.017808444429216464 81023.06801019864
0.019980580426395375 72280.7829672809
0.022417656733717258 64475.36429205284
0.02515198871634791 57507.73681986878
0.02821983331718154 51289.02800833648
0.031661869819936087 45739.574933651355
0.035523739252004256 40788.015548035
0.03985664957948259 36370.459853657696
0.044718054719198604 32429.736146734394
0.05017241637136122 28914.70723390724
0.05629205877465213 25779.651455524774
0.06315812771771662 22983.703415732423
0.07086166652344214 20490.349477849104
0.07950482327345756 18266.9733050405
0.08920220528051831 16284.446987812218
0.10008239876893306 14516.76358406737
0.11228967391382787 12940.707191591146
0.12598589784788197 11535.556967499962
0.14135268100179557 10282.821797762579
0.1585937852387284 9166.002597759527
0.17793782571430977 8170.3794889553
0.19964130228858604 7282.821345257839
0.22399200068609865 6491.615434556105
0.2513128085031016 5786.3150959331
0.2819659966617563 5157.6035912903535
0.31635802308291955 4597.172452063549
0.35494492227369867 4097.612808053674
0.3982383522951154 3652.318336984196
0.4468123792920089 3255.398611145601
0.5013110895473005 2901.6017423669437
0.5624571299956287 2586.245339527901
0.6310612904426284 2305.1548948460904
0.7080332545490364 2054.6088071609433
0.7943936621364929 1831.2893332615756
0.8912876427598965 1632.2388327953931
1.0 1454.8207392159625


1.1266023283923086e-5 -6.218664952965467e8
1.2640165467836552e-5 -5.530739829170061e8
1.41819148627439e-5 -4.9526233153547084e8
1.591171489692061e-5 -4.484338649662266e8
1.7852502529542035e-5 -4.1352168685700107e8
2.0030012392252263e-5 -3.9349847958127534e8
2.247311802756379e-5 -3.969586308803849e8
2.521421474887183e-5 -4.542437520332375e8
2.8289649198765197e-5 -7.683486790541776e8
3.174020130152991e-5 1.3476962169583118e9
3.561162500048303e-5 1.9728472336192217e8
3.995525495025451e-5 7.089214096279305e7
4.482868720869053e-5 3.0013678271660693e7
5.029654295427824e-5 1.3212326409019746e7
5.643132535590152e-5 5.805912573160875e6
6.331438095692697e-5 2.625700583221942e6
7.103697832146787e-5 1.4630684277586709e6
7.970151824555755e-5 1.2657144601428101e6
8.94228915804999e-5 1.5014193634582185e6
0.0001003300026729861 1.894443561188236e6
0.00011256747862262682 2.3033178486431893e6
0.00012629758702146766 2.659397172264063e6
0.00014170238760450414 2.9340993869796055e6
0.00015898614634184648 3.1207070720830164e6
0.00017837804398313138 3.2239938710826994e6
0.0002001352149691865 3.254241961475048e6
0.00022454615700657796 3.2238042883755364e6
0.00025193455651563245 3.1451737333831713e6
0.00028266358067695205 3.029954749007861e6
0.00031714069298849085 2.8883756163447793e6
0.0003558230561869519 2.7291204693991914e6
0.00039922359417565403 2.5593447263926896e6
0.0004479177933393616 2.384789473693186e6
0.0005025513334307787 2.2099428205910292e6
0.0005638486492134177 2.0382167986907768e6
0.0006326225363872928 1.8721214573318788e6
0.0007097849291709694 1.7134261086558648e6
0.0007963589924495093 1.5633028918567016e6
0.000893492688828897 1.4224510349678746e6
0.0010024740004945794 1.2912020955955237e6
0.0011247480077143136 1.169607520594971e6
0.001261936050444388 1.0575103843278314e6
0.0014158572271200447 954603.3485604109
0.0015885525157016698 860474.8683659887
0.0017823118368192265 774645.5355001108
0.0019997044178692407 696596.260416273
0.002243612860688948 625789.7821959719
0.0025172713645412355 561686.783961388
0.002824308611242986 503757.6923031812
0.00316879588108889 451491.05931497423
0.00355530103758269 404399.26755190315
0.003988949096807404 362022.1618301343
0.004475490184577804 323929.0960915911
0.005021375782479522 289719.7866857361
0.005633844273808952 259024.28317498704
0.006321016923743719 231502.3019114163
0.007092005566430292 206842.11402240486
0.00795703342690773 184759.13612890363
0.00892757067995306 164994.33736927342
0.010016486543343733 147312.54860983798
0.011238219922277179 131500.73780519984
0.012608970867673795 117366.29824345499
0.014146915387079491 104735.38296965598
0.015872446456536952 93451.3082775348
0.017808444429216464 83373.04118091421
0.019980580426395375 74373.77972193364
0.022417656733717258 66339.63043747161
0.02515198871634791 59168.383960753265
0.02821983331718154 52768.387319528425
0.031661869819936087 47057.50979569675
0.035523739252004256 41962.19806712105
0.03985664957948259 37416.6156286953
0.044718054719198604 33361.861082610165
0.05017241637136122 29745.259715775657
0.05629205877465213 26519.722782059027
0.06315812771771662 23643.16902921809
0.07086166652344214 21078.003217331352
0.07950482327345756 18790.646638277594
0.08920220528051831 16751.11494256467
0.10008239876893306 14932.638894237547
0.11228967391382787 13311.323994688535
0.12598589784788197 11865.845233262866
0.14135268100179557 10577.17353048202
0.1585937852387284 9428.330734343142
0.17793782571430977 8404.170308833849
0.19964130228858604 7491.181114988617
0.22399200068609865 6677.3119277962805
0.2513128085031016 5951.814556947993
0.2819659966617563 5305.103646123505
0.31635802308291955 4728.631414885636
0.35494492227369867 4214.775780122667
0.3982383522951154 3756.7404513038996
0.4468123792920089 3348.4657366195656
0.5013110895473005 2984.5489264118655
0.5624571299956287 2660.173237212401
0.6310612904426284 2371.04440519896
0.7080332545490364 2113.3341129455252
0.7943936621364929 1883.629518886581
0.8912876427598965 1678.888235815967
1.0 1496.3981737982394


1.1266023283923086e-5 -6.165878107569467e8
1.2640165467836552e-5 -5.489730767615901e8
1.41819148627439e-5 -4.922670957362512e8
1.591171489692061e-5 -4.4651283258283263e8
1.7852502529542035e-5 -4.127058317474671e8
2.0030012392252263e-5 -3.9393427288474727e8
2.247311802756379e-5 -3.9906099643583626e8
2.521421474887183e-5 -4.592972926123052e8
2.8289649198765197e-5 -7.833010259628608e8
3.174020130152991e-5 1.3905135214721467e9
3.561162500048303e-5 2.072812371379211e8
3.995525495025451e-5 7.663939228437665e7
4.482868720869053e-5 3.3997504596608125e7
5.029654295427824e-5 1.6197519199795928e7
5.643132535590152e-5 8.136492421575916e6
6.331438095692697e-5 4.490597227901297e6
7.103697832146787e-5 2.979658356024537e6
7.970151824555755e-5 2.5131512725058086e6
8.94228915804999e-5 2.536191503776088e6
0.0001003300026729861 2.7585123860491514e6
0.00011256747862262682 3.028765742118326e6
0.00012629758702146766 3.2712762505317307e6
0.00014170238760450414 3.452281078152403e6
0.00015898614634184648 3.5611414501575157e6
0.00017837804398313138 3.5996012461879523e6
0.0002001352149691865 3.5755645070320475e6
0.00022454615700657796 3.499494644610027e6
0.00025193455651563245 3.382368925886566e6
0.00028266358067695205 3.234566989627847e6
0.00031714069298849085 3.0653213410234647e6
0.0003558230561869519 2.8825025268738e6
0.00039922359417565403 2.6925984331414956e6
0.0004479177933393616 2.5008004264006303e6
0.0005025513334307787 2.311142400913257e6
0.0005638486492134177 2.1266599121982153e6
0.0006326225363872928 1.9495500321308502e6
0.0007097849291709694 1.7813211213742865e6
0.0007963589924495093 1.6229271131496895e6
0.000893492688828897 1.4748842428910304e6
0.0010024740004945794 1.3373701587149221e6
0.0011247480077143136 1.2103064795599482e6
0.001261936050444388 1.093426443668679e6
0.0014158572271200447 986329.5171333272
0.0015885525157016698 888524.8477719967
0.0017823118368192265 799465.343817324
0.0019997044178692407 718573.9881951029
0.002243612860688948 645263.8045666473
0.0025172713645412355 578952.6934926565
0.002824308611242986 519074.16922763747
0.00316879588108889 465084.8567401066
0.00355530103758269 416469.4575737191
0.003988949096807404 372743.7626639423
0.004475490184577804 333456.17930846434
0.005021375782479522 298188.1464865197
0.005633844273808952 266553.7356139469
0.006321016923743719 238198.670506834
0.007092005566430292 212798.94878300565
0.00795703342690773 190059.2052959361
0.00892757067995306 169710.92481121328
0.010016486543343733 151510.584556674
0.011238219922277179 135237.78626690744
0.012608970867673795 120693.4208563843
0.014146915387079491 107697.89602042182
0.015872446456536952 96089.44715730319
0.017808444429216464 85722.54443496188
0.019980580426395375 76466.40310784898
0.022417656733717258 68203.59993161233
0.02515198871634791 60828.7954086701
0.02821983331718154 54247.55937288119
0.031661869819936087 48375.29588370991
0.035523739252004256 43136.26238860058
0.03985664957948259 38462.67749948082
0.044718054719198604 34293.91141529543
0.05017241637136122 30575.752928918017
0.05629205877465213 27259.74702275991
0.06315812771771662 24302.597235797588
0.07086166652344214 21665.627239433416
0.07950482327345756 19314.296363103786
0.08920220528051831 17217.764142157426
0.10008239876893306 15348.499304869962
0.11228967391382787 13681.928961292615
0.12598589784788197 12196.124095910845
0.14135268100179557 10871.517793228548
0.1585937852387284 9690.652936687411
0.17793782571430977 8637.956414490998
0.19964130228858604 7699.5371397015
0.22399200068609865 6863.005445968202
0.2513128085031016 6117.311654552281
0.2819659966617563 5452.6018234532985
0.31635802308291955 4860.088886213288
0.35494492227369867 4331.937567345423
0.3982383522951154 3861.161624380405
0.4468123792920089 3441.5321143696274
0.5013110895473005 3067.4955164652165
0.5624571299956287 2734.100663030619
0.6310612904426284 2436.933540702019
0.7080332545490364 2172.0591209502177
0.7943936621364929 1935.9694679560132
0.8912876427598965 1725.5374509175024
1.0 1537.9754590982643


1.1266023283923086e-5 -6.116037774387997e8
1.2640165467836552e-5 -5.451264682732768e8
1.41819148627439e-5 -4.894907312701511e8
1.591171489692061e-5 -4.4477964228739697e8
1.7852502529542035e-5 -4.1205070942020833e8
2.0030012392252263e-5 -3.9450717946903104e8
2.247311802756379e-5 -4.0127995728755254e8
2.521421474887183e-5 -4.644496611417833e8
2.8289649198765197e-5 -7.983368668567744e8
3.174020130152991e-5 1.4332605194423742e9
3.561162500048303e-5 2.1721874447728294e8
3.995525495025451e-5 8.233728379197465e7
4.482868720869053e-5 3.794017476559897e7
5.029654295427824e-5 1.914850547915277e7
5.643132535590152e-5 1.0438730355538454e7
6.331438095692697e-5 6.332081948756603e6
7.103697832146787e-5 4.476965042016773e6
7.970151824555755e-5 3.74474969907536e6
8.94228915804999e-5 3.5579892585443533e6
0.0001003300026729861 3.6119796951205563e6
0.00011256747862262682 3.7455715861901133e6
0.00012629758702146766 3.87612628030897e6
0.00014170238760450414 3.964757568928455e6
0.00015898614634184648 3.9969541176532567e6
0.00017837804398313138 3.9714713584852666e6
0.0002001352149691865 3.8938699973744797e6
0.00022454615700657796 3.772753082836482e6
0.00025193455651563245 3.617606602539828e6
0.00028266358067695205 3.43760559511294e6
0.00031714069298849085 3.2410035116369096e6
0.0003558230561869519 3.034871092817288e6
0.00039922359417565403 2.825040010467764e6
0.0004479177933393616 2.6161611769776503e6
0.0005025513334307787 2.4118218346966854e6
0.0005638486492134177 2.2146872199905775e6
0.0006326225363872928 2.026646427251261e6
0.0007097849291709694 1.8489509171004058e6
0.0007963589924495093 1.6823396930306156e6
0.000893492688828897 1.5271486424316096e6
0.0010024740004945794 1.3834036350820656e6
0.0011247480077143136 1.250898176873527e6
0.001261936050444388 1.1292570479851104e6
0.0014158572271200447 1.0179876248963455e6
0.0015885525157016698 916520.6349614083
0.0017823118368192265 824242.0131887869
0.0019997044178692407 740517.3834124953
0.002243612860688948 664710.508423904
0.0025172713645412355 596196.8694486886
0.002824308611242986 534373.3584733584
0.00316879588108889 478664.904855844
0.00355530103758269 428528.7138159197
0.003988949096807404 383456.66967406555
0.004475490184577804 342976.35046280763
0.005021375782479522 306651.01131522446
0.005633844273808952 274078.8199937528
0.006321016923743719 244891.56709626963
0.007092005566430292 218753.02395276088
0.00795703342690773 195357.08123289997
0.00892757067995306 174425.7692361641
0.010016486543343733 155707.23534535064
0.011238219922277179 138973.7340017877
0.012608970867673795 124019.66879962014
0.014146915387079491 110659.7140554462
0.015872446456536952 98727.03379085458
0.017808444429216464 88071.60889594666
0.019980580426395375 78558.6778540521
0.022417656733717258 70067.2924223356
0.02515198871634791 62488.986774078156
0.02821983331718154 55726.556570889516
0.031661869819936087 49692.9430513192
0.035523739252004256 44310.216340958665
0.03985664957948259 39508.65168549751
0.044718054719198604 35225.89208592207
0.05017241637136122 31406.1907988312
0.05629205877465213 27999.727296224777
0.06315812771771662 24961.99051301182
0.07086166652344214 22253.22351240215
0.07950482327345756 19837.924043155577
0.08920220528051831 17684.395828785575
0.10008239876893306 15764.34580279347
0.11228967391382787 14052.522875360122
0.12598589784788197 12526.394178232697
0.14135268100179557 11165.855080754749
0.1585937852387284 9952.969597829937
0.17793782571430977 8871.738118159898
0.19964130228858604 7907.889667437182
0.22399200068609865 7048.696186117124
0.2513128085031016 6282.8065452797955
0.2819659966617563 5600.098247630869
0.31635802308291955 4991.544964831428
0.35494492227369867 4449.098248196889
0.3982383522951154 3965.5819185542987
0.4468123792920089 3534.5977939191685
0.5013110895473005 3150.4415518683536
0.5624571299956287 2808.0276482352856
0.6310612904426284 2502.822326182387
0.7080332545490364 2230.783850897631
0.7943936621364929 1988.3091961374632
0.8912876427598965 1772.1864905462871
1.0 1579.552605003325


1.1266023283923086e-5 -6.068953836769348e8
1.2640165467836552e-5 -5.415177495034521e8
1.41819148627439e-5 -4.869191159880061e8
1.591171489692061e-5 -4.432221740185681e8
1.7852502529542035e-5 -4.11545948976969e8
2.0030012392252263e-5 -3.9520835242769796e8
2.247311802756379e-5 -4.0360799040297276e8
2.521421474887183e-5 -4.6969448098459715e8
2.8289649198765197e-5 -8.134508144862633e8
3.174020130152991e-5 1.4759417472305262e9
3.561162500048303e-5 2.2710105262917086e8
3.995525495025451e-5 8.798900030950119e7
4.482868720869053e-5 4.184434428113862e7
5.029654295427824e-5 2.2067492340407453e7
5.643132535590152e-5 1.2714455069276247e7
6.331438095692697e-5 8.151665344164336e6
7.103697832146787e-5 5.956232690811824e6
7.970151824555755e-5 4.961531673804668e6
8.94228915804999e-5 4.567649768952016e6
0.0001003300026729861 4.455529525846796e6
0.00011256747862262682 4.4542929884219635e6
0.00012629758702146766 4.474400794134049e6
0.00014170238760450414 4.4718969737148285e6
0.00015898614634184648 4.428443279388828e6
0.00017837804398313138 4.339845345916682e6
0.0002001352149691865 4.209353100772374e6
0.00022454615700657796 4.0437365167464972e6
0.00025193455651563245 3.8510130673702285e6
0.00028266358067695205 3.6391721005056156e6
0.00031714069298849085 3.415503655988376e6
0.0003558230561869519 3.1862915603461284e6
0.00039922359417565403 2.956721859079628e6
0.0004479177933393616 2.7309136781612355e6
0.0005025513334307787 2.512014683152385e6
0.0005638486492134177 2.3023255509368973e6
0.0006326225363872928 2.103432075792198e6
0.0007097849291709694 1.9163326083261732e6
0.0007963589924495093 1.7415542871552836e6
0.000893492688828897 1.5792551255466584e6
0.0010024740004945794 1.4293112085851715e6
0.0011247480077143136 1.291389533337162e6
0.001261936050444388 1.165007711058143e6
0.0014158572271200447 1.0495820633104031e6
0.0015885525157016698 944465.7265573556
0.0017823118368192265 848978.3270517727
0.0019997044178692407 762428.661294843
0.002243612860688948 684131.6564294668
0.0025172713645412355 613420.7141364336
0.002824308611242986 549656.3754864569
0.00316879588108889 492232.09080348286
0.00355530103758269 440577.74175447784
0.003988949096807404 394161.44380867924
0.004475490184577804 352490.05553891975
0.005021375782479522 315108.7357217781
0.005633844273808952 281599.81815297215
0.006321016923743719 251581.21570260322
0.007092005566430292 224704.5175876681
0.00795703342690773 200652.9054527186
0.00892757067995306 179138.98310812726
0.010016486543343733 159902.5903498845
0.011238219922277179 142708.65203160592
0.012608970867673795 127345.098509132
0.014146915387079491 113620.8819189572
0.015872446456536952 101364.10381055498
0.017808444429216464 90420.26287594116
0.019980580426395375 80650.62645568635
0.022417656733717258 71930.72578262424
0.02515198871634791 64148.972257274814
0.02821983331718154 57205.39019567621
0.031661869819936087 51010.46026203135
0.035523739252004256 45484.067045498814
0.03985664957948259 40554.54384439532
0.044718054719198604 36157.80758926777
0.05017241637136122 32236.576896404684
0.05629205877465213 28739.66643933434
0.06315812771771662 25621.351114594523
0.07086166652344214 22840.793826683996
0.07950482327345756 20361.5311008193
0.08920220528051831 18151.01113243127
0.10008239876893306 16180.17928569232
0.11228967391382787 14423.106450029545
0.12598589784788197 12856.656046757955
0.14135268100179557 11460.185843120025
0.1585937852387284 10215.281075303508
0.17793782571430977 9105.515703868316
0.19964130228858604 8116.23892382975
0.22399200068609865 7234.384327488331
0.2513128085031016 6448.299371523982
0.2819659966617563 5747.593031774174
0.31635802308291955 5122.999740601307
0.35494492227369867 4566.257894063026
0.3982383522951154 4070.001390534669
0.4468123792920089 3627.662820317908
0.5013110895473005 3233.3870684087533
0.5624571299956287 2881.9542212559372
0.6310612904426284 2568.7107842244404
0.7080332545490364 2289.5083207287453
0.7943936621364929 2040.6487176831997
0.8912876427598965 1818.8353660242801
1.0 1621.129620507549


1.1266023283923086e-5 -6.024452919972751e8
1.2640165467836552e-5 -5.381319574080479e8
1.41819148627439e-5 -4.8453937135483056e8
1.591171489692061e-5 -4.418293750228077e8
1.7852502529542035e-5 -4.1118209279380906e8
2.0030012392252263e-5 -3.9602972392400205e8
2.247311802756379e-5 -4.060382352372244e8
2.521421474887183e-5 -4.750259370383357e8
2.8289649198765197e-5 -8.286379560096387e8
3.174020130152991e-5 1.5185613417204456e9
3.561162500048303e-5 2.3693163357160836e8
3.995525495025451e-5 9.359744620127952e7
4.482868720869053e-5 4.571243479884913e7
5.029654295427824e-5 2.4956492517469827e7
5.643132535590152e-5 1.4965334219908407e7
6.331438095692697e-5 9.95072498731215e6
7.103697832146787e-5 7.4185959412256675e6
7.970151824555755e-5 6.164429137860502e6
8.94228915804999e-5 5.56593645648438e6
0.0001003300026729861 5.289785678476399e6
0.00011256747862262682 5.155438452755442e6
0.00012629758702146766 5.066513385900748e6
0.00014170238760450414 4.974034990301924e6
0.00015898614634184648 4.8558808798922505e6
0.00017837804398313138 4.704943111514435e6
0.0002001352149691865 4.522191342763592e6
0.00022454615700657796 4.312588042015067e6
0.00025193455651563245 4.082703501913885e6
0.00028266358067695205 3.8393590995450853e6
0.00031714069298849085 3.5888961224404555e6
0.0003558230561869519 3.33682356397689e6
0.00039922359417565403 3.087691765213102e6
0.0004479177933393616 2.845096188277706e6
0.0005025513334307787 2.6117515520490613e6
0.0005638486492134177 2.3895993713223324e6
0.0006326225363872928 2.1799265234271428e6
0.0007097849291709694 1.983481800596021e6
0.0007963589924495093 1.8005833486453095e6
0.000893492688828897 1.6312136250338156e6
0.0010024740004945794 1.4751007983983639e6
0.0011247480077143136 1.3317868602978464e6
0.001261936050444388 1.2006834611183165e6
0.0014158572271200447 1.0811168371188752e6
0.0015885525157016698 972363.3112659492
0.0017823118368192265 873676.8237305754
0.0019997044178692407 784309.8419929228
0.002243612860688948 703528.8560228562
0.0025172713645412355 630625.5063739303
0.002824308611242986 564924.2374854616
0.00316879588108889 505787.2236015434
0.00355530103758269 452617.1847402667
0.003988949096807404 404858.596618158
0.004475490184577804 361997.7012471629
0.005021375782479522 323561.64303399686
0.005633844273808952 289116.987111114
0.006321016923743719 258267.82062097863
0.007092005566430292 230653.59206389022
0.00795703342690773 205946.80700650968
0.00892757067995306 183850.66898738305
0.010016486543343733 164096.73107390394
0.011238219922277179 146442.6051238615
0.012608970867673795 130669.7614510671
0.014146915387079491 116581.44050614377
0.015872446456536952 104000.6897109395
0.017808444429216464 92768.5321938214
0.019980580426395375 82742.26942694455
0.022417656733717258 73793.91631154383
0.02515198871634791 65808.76480806145
0.02821983331718154 58684.07053584617
0.031661869819936087 52327.85569001542
0.035523739252004256 46657.820996413626
0.03985664957948259 41600.359135604405
0.044718054719198604 37089.66202429445
0.05017241637136122 33066.9144780709
0.05629205877465213 29479.567039150046
0.06315812771771662 26280.6810958128
0.07086166652344214 23428.339815056435
0.07950482327345756 20885.118833224155
0.08920220528051831 18617.611083569005
0.10008239876893306 16596.000572199584
0.11228967391382787 14793.68033563949
0.12598589784788197 13186.910218126857
0.14135268100179557 11754.510490750985
0.1585937852387284 10477.587695156122
0.17793782571430977 9339.289430632167
0.19964130228858604 8324.58511464367
0.22399200068609865 7420.070033542551
0.2513128085031016 6613.79026313894
0.2819659966617563 5895.086279039852
0.31635802308291955 5254.453295470879
0.35494492227369867 4683.416570043457
0.3982383522951154 4174.420092036731
0.4468123792920089 3720.727234648428
0.5013110895473005 3316.332098722405
0.5624571299956287 2955.880408018567
0.6310612904426284 2634.5989354237477
0.7080332545490364 2348.2325468046365
0.7943936621364929 2092.988045590417
0.8912876427598965 1865.4840876764147
1.0 1662.7065138130276


1.1266023283923086e-5 -5.982376542097962e8
1.2640165467836552e-5 -5.3495541426419234e8
1.41819148627439e-5 -4.823397250981013e8
1.591171489692061e-5 -4.405911419749372e8
1.7852502529542035e-5 -4.109504956539732e8
2.0030012392252263e-5 -3.969639191460607e8
2.247311802756379e-5 -4.0856442056427294e8
2.521421474887183e-5 -4.8043871371621776e8
2.8289649198765197e-5 -8.438938005969037e8
3.174020130152991e-5 1.5611230844388387e9
3.561162500048303e-5 2.4671366104070264e8
3.995525495025451e-5 9.916527634757036e7
4.482868720869053e-5 4.954665995482908e7
5.029654295427824e-5 2.781734585098394e7
5.643132535590152e-5 1.719289221328564e7
6.331438095692697e-5 1.1730520118245892e7
7.103697832146787e-5 8.865091966925312e6
7.970151824555755e-5 7.3542939789306065e6
8.94228915804999e-5 6.553547164940053e6
0.0001003300026729861 6.115318368995422e6
0.00011256747862262682 5.8494728027893575e6
0.00012629758702146766 5.652842121905957e6
0.00014170238760450414 5.471478480136204e6
0.00015898614634184648 5.2795155037345635e6
0.00017837804398313138 5.066965668703352e6
0.0002001352149691865 4.832546999493198e6
0.00022454615700657796 4.579438462439726e6
0.00025193455651563245 4.312783193645992e6
0.00028266358067695205 4.0382512321949103e6
0.00031714069298849085 3.7612488728527124e6
0.0003558230561869519 3.4865216156382677e6
0.00039922359417565403 3.217993410280228e6
0.0004479177933393616 2.9587436792741185e6
0.0005025513334307787 2.7110604181286627e6
0.0005638486492134177 2.4765310457851607e6
0.0006326225363872928 2.2561476368618314e6
0.0007097849291709694 2.050412758942592e6
0.0007963589924495093 1.859438260902734e6
0.000893492688828897 1.6830332204662515e6
0.0010024740004945794 1.5207796434409788e6
0.0011247480077143136 1.3720959269596762e6
0.001261936050444388 1.2362888944726104e6
0.0014158572271200447 1.1125956070588303e6
0.0015885525157016698 1.0002163038843597e6
0.0017823118368192265 898339.8235081601
0.0019997044178692407 806162.7721271395
0.002243612860688948 722903.5765649991
0.0025172713645412355 647812.4151291151
0.002824308611242986 580177.874310121
0.00316879588108889 519331.04277408717
0.00355530103758269 464647.6308605041
0.003988949096807404 415548.59571084625
0.004475490184577804 371499.65936159546
0.005021375782479522 332010.02880593034
0.005633844273808952 296630.56180978555
0.006321016923743719 264951.5685976456
0.007092005566430292 236600.3958095243
0.00795703342690773 211238.9038599369
0.00892757067995306 188560.92062431312
0.010016486543343733 168289.7320198992
0.011238219922277179 150175.65248254436
0.012608970867673795 133993.7046706453
0.014146915387079491 119541.42719931001
0.015872446456536952 106636.82119527209
0.017808444429216464 95116.44045062938
0.019980580426395375 84833.62551985626
0.022417656733717258 75656.87890807481
0.02515198871634791 67468.37626385517
0.02821983331718154 60162.60699621609
0.031661869819936087 53645.136807281706
0.035523739252004256 47831.48413004644
0.03985664957948259 42646.10227536141
0.044718054719198604 38021.45913786437
0.05017241637136122 33897.20652053572
0.05629205877465213 30219.431460505515
0.06315812771771662 26939.98233538692
0.07086166652344214 24015.86297004183
0.07950482327345756 21408.68842607633
0.08920220528051831 19084.196624155815
0.10008239876893306 17011.810410627957
0.11228967391382787 15164.245126664671
0.12598589784788197 13517.157164600389
0.14135268100179557 12048.82939881871
0.1585937852387284 10739.889755428349
0.17793782571430977 9573.059535217977
0.19964130228858604 8532.928427968303
0.22399200068609865 7605.753453699273
0.2513128085031016 6779.279338824336
0.2819659966617563 6042.578083723425
0.31635802308291955 5385.905704348795
0.35494492227369867 4800.574335645767
0.3982383522951154 4278.838070333379
0.4468123792920089 3813.791074464332
0.5013110895473005 3399.276672641874
0.5624571299956287 3029.8062322221353
0.6310612904426284 2700.486798606724
0.7080332545490364 2406.9565440809697
0.7943936621364929 2145.327191739859
0.8912876427598965 1912.132664940716
1.0 1704.2832924172972


1.1266023283923086e-5 -5.942579508645543e8
1.2640165467836552e-5 -5.31975589113316e8
1.41819148627439e-5 -4.8030939195329535e8
1.591171489692061e-5 -4.3949821863030237e8
1.7852502529542035e-5 -4.108432371708597e8
2.0030012392252263e-5 -3.9800418159916973e8
2.247311802756379e-5 -4.111808009486862e8
2.521421474887183e-5 -4.8592794109959185e8
2.8289649198765197e-5 -8.592142339371349e8
3.174020130152991e-5 1.603630439862573e9
3.561162500048303e-5 2.564500426809525e8
3.995525495025451e-5 1.0469492303881142e8
4.482868720869053e-5 5.3349047790039375e7
5.029654295427824e-5 3.0651737926123567e7
5.643132535590152e-5 1.9398525646395314e7
6.331438095692697e-5 1.3492204400114737e7
7.103697832146787e-5 1.0296670983116278e7
7.970151824555755e-5 8.531906660943123e6
8.94228915804999e-5 7.531121229668163e6
0.0001003300026729861 6.932650005480355e6
0.00011256747862262682 6.53682189049577e6
0.00012629758702146766 6.233733370704357e6
0.00014170238760450414 5.964508576861613e6
0.00015898614634184648 5.699574893719864e6
0.00017837804398313138 5.426097177589741e6
0.0002001352149691865 5.140568741589296e6
0.00022454615700657796 4.844407614997947e6
0.00025193455651563245 4.541348602554938e6
0.00028266358067695205 4.235926042055484e6
0.00031714069298849085 3.932624171043064e6
0.0003558230561869519 3.6354356568831326e6
0.00039922359417565403 3.347666813366761e6
0.0004479177933393616 3.0718881909880824e6
0.0005025513334307787 2.809966912513968e6
0.0005638486492134177 2.5631410638731145e6
0.0006326225363872928 2.332111784826017e6
0.0007097849291709694 2.1171385523931407e6
0.0007963589924495093 1.9181294529251815e6
0.000893492688828897 1.7347222301697787e6
0.0010024740004945794 1.5663543757086445e6
0.0011247480077143136 1.4123220188265457e6
0.001261936050444388 1.2718282220655556e6
0.0014158572271200447 1.1440217269447125e6
0.0015885525157016698 1.0280273748280437e6
0.0017823118368192265 922969.4521308934
0.0019997044178692407 827989.1434939997
0.002243612860688948 742257.1642230222
0.0025172713645412355 664982.5113616
0.002824308611242986 595418.1378407868
0.00316879588108889 532864.2258421796
0.00355530103758269 476669.61889614287
0.003988949096807404 426231.8694899834
0.004475490184577804 380996.27048608614
0.005021375782479522 340454.1638118574
0.005633844273808952 304140.75749267713
0.006321016923743719 271632.63072172034
0.007092005566430292 242545.0648081953
0.00795703342690773 216529.3040882156
0.00892757067995306 193269.82390910253
0.010016486543343733 172481.6614439409
0.011238219922277179 153907.84834787785
0.012608970867673795 137316.97126873274
0.014146915387079491 122500.87624656194
0.015872446456536952 109272.52547644281
0.017808444429216464 97464.00926865426
0.019980580426395375 86924.71191424795
0.022417656733717258 77519.62722204102
0.02515198871634791 69127.81746960335
0.02821983331718154 61641.00819308633
0.031661869819936087 54962.31045937404
0.035523739252004256 49005.06188502711
0.03985664957948259 43691.77758448538
0.044718054719198604 38953.20236269629
0.05017241637136122 34727.45575093273
0.05629205877465213 30959.261869962545
0.06315812771771662 27599.256554521926
0.07086166652344214 24603.36465902686
0.07950482327345756 21932.24096567031
0.08920220528051831 19550.768617173413
0.10008239876893306 17427.60948655032
0.11228967391382787 15534.801367737999
0.12598589784788197 13847.397318844352
0.14135268100179557 12343.142911039282
0.1585937852387284 11002.18752917252
0.17793782571430977 9806.826234541357
0.19964130228858604 8741.269036123267
0.22399200068609865 7791.434724850404
0.2513128085031016 6944.766707327854
0.2819659966617563 6190.068532214509
0.31635802308291955 5517.35703586323
0.35494492227369867 4917.73124538832
0.3982383522951154 4383.255368734062
0.4468123792920089 3906.8543741706603
0.5013110895473005 3482.2208174985126
0.5624571299956287 3103.7317155786395
0.6310612904426284 2766.3743910213443
0.7080332545490364 2465.680326259497
0.7943936621364929 2197.666167016161
0.8912876427598965 1958.7811064639081
1.0 1745.8599631892855


1.1266023283923086e-5 -5.904928513657724e8
1.2640165467836552e-5 -5.2918097703312355e8
1.41819148627439e-5 -4.7843846975454175e8
1.591171489692061e-5 -4.3854210664658487e8
1.7852502529542035e-5 -4.1085304547999775e8
2.0030012392252263e-5 -3.991443080111582e8
2.247311802756379e-5 -4.13882101391921e8
2.521421474887183e-5 -4.9148914801928437e8
2.8289649198765197e-5 -8.745954785996416e8
3.174020130152991e-5 1.646086588796767e9
3.561162500048303e-5 2.6614344805860355e8
3.995525495025451e-5 1.1018861940923035e8
4.482868720869053e-5 5.7121460289222755e7
5.029654295427824e-5 3.3461216312161967e7
5.643132535590152e-5 2.1583516762709018e7
6.331438095692697e-5 1.523683703400161e7
7.103697832146787e-5 1.1714205401277944e7
7.970151824555755e-5 9.697983743353387e6
8.94228915804999e-5 8.499245637168752e6
0.0001003300026729861 7.7422602211766075e6
0.00011256747862262682 7.217876699040152e6
0.00012629758702146766 6.80950514015506e6
0.00014170238760450414 6.453383394868236e6
0.00015898614634184648 6.116268145046258e6
0.00017837804398313138 5.782506719230036e6
0.0002001352149691865 5.446393066512522e6
0.00022454615700657796 5.107605524402221e6
0.00025193455651563245 4.7684882904745955e6
0.00028266358067695205 4.432454723448616e6
0.00031714069298849085 4.103079182661128e6
0.0003558230561869519 3.783611540044482e6
0.00039922359417565403 3.4767487167912847e6
0.0004479177933393616 3.1845591398317576e6
0.0005025513334307787 2.908494567648586e6
0.0005638486492134177 2.649448237447493e6
0.0006326225363872928 2.407833995776049e6
0.0007097849291709694 2.1836711798815257e6
0.0007963589924495093 1.9766664997827972e6
0.000893492688828897 1.7862882913647706e6
0.0010024740004945794 1.6118310841684535e6
0.0011247480077143136 1.4524699886247055e6
0.001261936050444388 1.3073053100490787e6
0.0014158572271200447 1.1753982759802674e6
0.0015885525157016698 1.0557989758585459e6
0.0017823118368192265 947567.6612887944
0.0019997044178692407 849790.5093655256
0.002243612860688948 761590.8549397386
0.0025172713645412355 682136.7783407051
0.002824308611242986 610645.8102057525
0.00316879588108889 546387.3948513868
0.00355530103758269 488683.64351269166
0.003988949096807404 436908.8112811046
0.004475490184577804 390487.84733582096
0.005021375782479522 348894.2966550291
0.005633844273808952 311647.77177930175
0.006321016923743719 278311.16407352325
0.007092005566430292 248487.7239091737
0.00795703342690773 221818.10691735047
0.00892757067995306 197977.45769923838
0.010016486543343733 176672.58201328482
0.011238219922277179 157639.24251888992
0.012608970867673795 140639.6008170918
0.014146915387079491 125459.81909176678
0.015872446456536952 111907.8275391473
0.017808444429216464 99811.25849974976
0.019980580426395375 89015.54438325997
0.022417656733717258 79382.17378561712
0.02515198871634791 70787.09838226775
0.02821983331718154 63119.282037253586
0.031661869819936087 56279.38293132236
0.035523739252004256 50178.559254669904
0.03985664957948259 44737.389030006234
0.044718054719198604 39884.894850437566
0.05017241637136122 35557.66467309753
0.05629205877465213 31699.060256684625
0.06315812771771662 28258.505333490415
0.07086166652344214 25190.84613743642
0.07950482327345756 22455.77744935467
0.08920220528051831 20017.32785494245
0.10008239876893306 17843.39842940473
0.11228967391382787 15905.349558897775
0.12598589784788197 14177.631078097824
0.14135268100179557 12637.451342985269
0.1585937852387284 11264.481267083402
0.17793782571430977 10040.589727756831
0.19964130228858604 8949.607097318627
0.22399200068609865 7977.113972679117
0.2513128085031016 7110.252468492901
0.2819659966617563 6337.557703829128
0.31635802308291955 5648.807353023077
0.35494492227369867 5034.88734932551
0.3982383522951154 4487.672027002048
0.4468123792920089 3999.917165355367
0.5013110895473005 3565.164558385777
0.5624571299956287 3177.656878022294
0.6310612904426284 2832.261728503318
0.7080332545490364 2524.403905920075
0.7943936621364929 2250.0049814127283
0.8912876427598965 2005.4294201847208
1.0 1787.436532435493


1.1266023283923086e-5 -5.86930091674245e8
1.2640165467836552e-5 -5.265609935890966e8
1.41819148627439e-5 -4.7671784859013844e8
1.591171489692061e-5 -4.3771498761828196e8
1.7852502529542035e-5 -4.109732305254842e8
2.0030012392252263e-5 -4.0037859142230886e8
2.247311802756379e-5 -4.1666346893841314e8
2.521421474887183e-5 -4.971182210361841e8
2.8289649198765197e-5 -8.900340593790495e8
3.174020130152991e-5 1.6884944575561419e9
3.561162500048303e-5 2.757963331527918e8
3.995525495025451e-5 1.156484199240723e8
4.482868720869053e-5 6.086561046313044e7
5.029654295427824e-5 3.624720476018718e7
5.643132535590152e-5 2.3749045215744887e7
6.331438095692697e-5 1.6965392476249315e7
7.103697832146787e-5 1.31184978328439e7
7.970151824555755e-5 1.085318445500617e7
8.94228915804999e-5 9.45846041022626e6
0.0001003300026729861 8.544590274751429e6
0.00011256747862262682 7.892996929740482e6
0.00012629758702146766 7.380449994890383e6
0.00014170238760450414 6.938340397286204e6
0.00015898614634184648 6.529787623587725e6
0.00017837804398313138 6.1363498468147945e6
0.0002001352149691865 5.7501455508114975e6
0.00022454615700657796 5.369133412489158e6
0.00025193455651563245 4.994283733568587e6
0.00028266358067695205 4.627902774568734e6
0.00031714069298849085 4.272666499637522e6
0.0003558230561869519 3.9310914488940677e6
0.00039922359417565403 3.6052729231867166e6
0.0004479177933393616 3.296783588664002e6
0.0005025513334307787 3.00666503318838e6
0.0005638486492134177 2.7354698732669987e6
0.0006326225363872928 2.4833280957689886e6
0.0007097849291709694 2.250021680328867e6
0.0007963589924495093 2.0350582104618873e6
0.000893492688828897 1.8377384302315773e6
0.0010024740004945794 1.6572153706203848e6
0.0011247480077143136 1.4925443008226596e6
0.001261936050444388 1.342723715251366e6
0.0014158572271200447 1.2067280870077857e6
0.0015885525157016698 1.0835333625764553e6
0.0017823118368192265 972136.2465207353
0.0019997044178692407 871568.2987392868
0.002243612860688948 780905.7857724393
0.0025172713645412355 699276.120666172
0.002824308611242986 625861.6109566588
0.00316879588108889 559901.1220785468
0.00355530103758269 500690.15979837725
0.003988949096807404 447579.7829404883
0.004475490184577804 399974.67760621646
0.005021375782479522 357330.6560484054
0.005633844273808952 319151.7864779968
0.006321016923743719 284987.3131656658
0.007092005566430292 254428.48797276846
0.00795703342690773 227105.40363445514
0.00892757067995306 202683.89454296464
0.010016486543343733 180862.55138129453
0.011238219922277179 161369.88081027928
0.012608970867673795 143961.62972142053
0.014146915387079491 128418.28466302562
0.015872446456536952 114542.75036910144
0.017808444429216464 102158.2064074591
0.019980580426395375 91106.13743805258
0.022417656733717258 81244.53012830149
0.02515198871634791 72446.2281621719
0.02821983331718154 64597.435806586196
0.031661869819936087 57596.36000530286
0.035523739252004256 51351.98083278313
0.03985664957948259 45782.94026155906
0.044718054719198604 40816.539500578016
0.05017241637136122 36387.8355905384
0.05629205877465213 32438.8284506859
0.06315812771771662 28917.73012613025
0.07086166652344214 25778.30856025115
0.07950482327345756 22979.298794681956
0.08920220528051831 20483.875066391476
0.10008239876893306 18259.17781826909
0.11228967391382787 16275.89016017515
0.12598589784788197 14507.858807817498
0.14135268100179557 12931.75498498085
0.1585937852387284 11526.771199798135
0.17793782571430977 10274.350198084943
0.19964130228858604 9157.94275710635
0.22399200068609865 8162.7913128129085
0.2513128085031016 7275.736714174595
0.2819659966617563 6485.045671537376
0.31635802308291955 5780.256713796004
0.35494492227369867 5152.042693506972
0.3982383522951154 4592.088081719218
0.4468123792920089 4092.979477079108
0.5013110895473005 3648.1079183894435
0.5624571299956287 3251.5817378924166
0.6310612904426284 2898.148825621367
0.7080332545490364 2583.1272946360627
0.7943936621364929 2302.3436441234085
0.8912876427598965 2052.077613406719
1.0 1829.0130059578478


1.1266023283923086e-5 -5.835583670429004e8
1.2640165467836552e-5 -5.2410588226031053e8
1.41819148627439e-5 -4.7513913112492406e8
1.591171489692061e-5 -4.3700965469492376e8
1.7852502529542035e-5 -4.111976255470361e8
2.0030012392252263e-5 -4.017017712708222e8
2.247311802756379e-5 -4.195204302303822e8
2.521421474887183e-5 -5.028113684640475e8
2.8289649198765197e-5 -9.055267729002619e8
3.174020130152991e-5 1.7308567435593247e9
3.561162500048303e-5 2.854109618361682e8
3.995525495025451e-5 1.2107621834848054e8
4.482868720869053e-5 6.458307733095416e7
5.029654295427824e-5 3.9011015655594744e7
5.643132535590152e-5 2.5896198386620276e7
6.331438095692697e-5 1.8678768961306006e7
7.103697832146787e-5 1.4510288109047683e7
7.970151824555755e-5 1.1998116459920436e7
8.94228915804999e-5 1.0409263331087537e7
0.0001003300026729861 9.34004690965556e6
0.00011256747862262682 8.56251414810736e6
0.00012629758702146766 7.946837615161262e6
0.00014170238760450414 7.41959847289921e6
0.00015898614634184648 6.940310648375475e6
0.00017837804398313138 6.487769946176856e6
0.0002001352149691865 6.05194194844758e6
0.00022454615700657796 5.629084583531676e6
0.00025193455651563245 5.218810034941755e6
0.00028266358067695205 4.8223305703469e6
0.00031714069298849085 4.441434600166391e6
0.0003558230561869519 4.077914267592501e6
0.00039922359417565403 3.733270591146825e6
0.0004479177933393616 3.408586483489093e6
0.0005025513334307787 3.1044982653549234e6
0.0005638486492134177 2.8212219243571013e6
0.0006326225363872928 2.558606829388857e6
0.0007097849291709694 2.3162002291927864e6
0.0007963589924495093 2.0933127049105775e6
0.000893492688828897 1.8890791233633016e6
0.0010024740004945794 1.7025123986920863e6
0.0011247480077143136 1.5325490706785559e6
0.001261936050444388 1.3780867162857982e6
0.0014158572271200447 1.2380137712848673e6
0.0015885525157016698 1.1112326141494715e6
0.0017823118368192265 996676.8629186868
0.0019997044178692407 893323.8288367821
0.002243612860688948 800203.0048378876
0.0025172713645412355 716401.3721800253
0.002824308611242986 641066.2033618764
0.00316879588108889 573405.9350370512
0.00355530103758269 512689.5872444628
0.003988949096807404 458245.11802004516
0.004475490184577804 409457.02648917737
0.005021375782479522 365763.4528150375
0.005633844273808952 326652.96917606686
0.006321016923743719 291661.21120699483
0.007092005566430292 260367.46287492456
0.00795703342690773 232391.27838617284
0.00892757067995306 207389.2013138076
0.010016486543343733 185051.62269169217
0.011238219922277179 165099.80545312288
0.012608970867673795 147283.09153976635
0.014146915387079491 131376.29962568582
0.015872446456536952 117177.31515408031
0.017808444429216464 104504.86982675275
0.019980580426395375 93196.50445472436
0.022417656733717258 83106.70687775609
0.02515198871634791 74105.2152531196
0.02821983331718154 66075.47620967831
0.031661869819936087 58913.2470112104
0.035523739252004256 52525.3308538478
0.03985664957948259 46828.43464330483
0.044718054719198604 41748.13898580961
0.05017241637136122 37217.970626583425
0.05629205877465213 33178.568138837
0.06315812771771662 29576.93227256023
0.07086166652344214 26365.752992109225
0.07950482327345756 23502.80584743382
0.08920220528051831 20950.410923432297
0.10008239876893306 18674.948186925863
0.11228967391382787 16646.42359561769
0.12598589784788197 14838.08084487409
0.14135268100179557 13226.054104641078
0.1585937852387284 11789.057539913445
0.17793782571430977 10508.107814414747
0.19964130228858604 9366.276149653346
0.22399200068609865 8348.466851834903
0.2513128085031016 7441.219529043157
0.2819659966617563 6632.532502601635
0.31635802308291955 5911.705171615455
0.35494492227369867 5269.197320380339
0.3982383522951154 4696.503566606024
0.4468123792920089 4186.041336129422
0.5013110895473005 3731.0509187895195
0.5624571299956287 3325.506312093823
0.6310612904426284 2964.0356958046514
0.7080332545490364 2641.8505030755578
0.7943936621364929 2354.6821636229092
0.8912876427598965 2098.725692862187
1.0 1870.5893891044525


1.1266023283923086e-5 -5.803672376493192e8
1.2640165467836552e-5 -5.2180663299592245e8
1.41819148627439e-5 -4.736945625027024e8
1.591171489692061e-5 -4.3641945242118406e8
1.7852502529542035e-5 -4.115205356023564e8
2.0030012392252263e-5 -4.031089894797625e8
2.247311802756379e-5 -4.224488541660396e8
2.521421474887183e-5 -5.0856508871802723e8
2.8289649198765197e-5 -9.21070660877973e8
3.174020130152991e-5 1.7731759378458111e9
3.561162500048303e-5 2.949894247727967e8
3.995525495025451e-5 1.2647376355588625e8
4.482868720869053e-5 6.827531910134315e7
5.029654295427824e-5 4.175386097335302e7
5.643132535590152e-5 2.8025980461071983e7
6.331438095692697e-5 2.0377795999825027e7
7.103697832146787e-5 1.5890259456736306e7
7.970151824555755e-5 1.313334092982416e7
8.94228915804999e-5 1.13521140967478e7
0.0001003300026729861 1.0129005749453949e7
0.00011256747862262682 9.226734551619496e6
0.00012629758702146766 8.50891704801952e6
0.00014170238760450414 7.897359763340056e6
0.00015898614634184648 7.348000971785887e6
0.00017837804398313138 6.836899432718596e6
0.0002001352149691865 6.351889157062379e6
0.00022454615700657796 5.887545203105525e6
0.00025193455651563245 5.442136551570651e6
0.00028266358067695205 5.015793866436463e6
0.00031714069298849085 4.60942825338188e6
0.0003558230561869519 4.224115905278578e6
0.00039922359417565403 3.8607704953256226e6
0.0004479177933393616 3.519990861695929e6
0.0005025513334307787 3.2020126935220025e6
0.0005638486492134177 2.906719123179471e6
0.0006326225363872928 2.6336819661332946e6
0.0007097849291709694 2.382216223408035e6
0.0007963589924495093 2.1514374818208735e6
0.000893492688828897 1.940316351829794e6
0.0010024740004945794 1.7477269369427597e6
0.0011247480077143136 1.572488098592702e6
0.001261936050444388 1.4133973409194935e6
0.0014158572271200447 1.2692577402821507e6
0.0015885525157016698 1.1388986506684555e6
0.0017823118368192265 1.0211910389437588e6
0.0019997044178692407 915058.316099073
0.002243612860688948 819483.480061577
0.0025172713645412355 733513.3029271502
0.002824308611242986 656260.1999432037
0.00316879588108889 586902.3208803142
0.00355530103758269 524682.3132469924
0.003988949096807404 468905.12455167447
0.004475490184577804 418935.13888681197
0.005021375782479522 374192.8816479336
0.005633844273808952 334151.4746387344
0.006321016923743719 298332.9812145668
0.007092005566430292 266304.7463910331
0.00795703342690773 237675.80888109858
0.00892757067995306 212093.43976880913
0.010016486543343733 189239.84502218102
0.011238219922277179 168829.05544740366
0.012608970867673795 150604.01726265508
0.014146915387079491 134333.8886049326
0.015872446456536952 119811.54146078517
0.017808444429216464 106851.26430455978
0.019980580426395375 95286.65778597028
0.022417656733717258 84968.71384852186
0.02515198871634791 75764.06745288036
0.02821983331718154 67553.40944185032
0.031661869819936087 60230.0488711503
0.035523739252004256 53698.61322836537
0.03985664957948259 47873.875282012996
0.044718054719198604 42679.69577433703
0.05017241637136122 38048.07174210512
0.05629205877465213 33918.28087894624
0.06315812771771662 30236.113010366844
0.07086166652344214 26953.180416193467
0.07950482327345756 24026.299388681295
0.08920220528051831 21416.936046568844
0.10008239876893306 19090.710028317888
0.11228967391382787 17016.95025682912
0.12598589784788197 15168.297500364379
0.14135268100179557 13520.348949105817
0.1585937852387284 12051.340483760308
0.17793782571430977 10741.862732713602
0.19964130228858604 9574.607398861428
0.22399200068609865 8534.140688173566
0.2513128085031016 7606.7009912907015
0.2819659966617563 6780.018259138047
0.31635802308291955 6043.152775826685
0.35494492227369867 5386.351269145586
0.3982383522951154 4800.918512802966
0.4468123792920089 4279.102767244335
0.5013110895473005 3813.993579237883
0.5624571299956287 3399.4306162379444
0.6310612904426284 3029.9223514548653
0.7080332545490364 2700.5735410904394
0.7943936621364929 2407.0205477375384
0.8912876427598965 2145.3736647683177
1.0 1912.1656868142254


