1.1266023283923086e-5 -1.8878207031782532e16
1.2640165467836552e-5 -1.6292781696926794e16
1.41819148627439e-5 -1.4023042238416862e16
1.591171489692061e-5 -1.203502423647811e16
1.7852502529542035e-5 -1.0298158506081424e16
2.0030012392252263e-5 -8.784889656151503e15
2.247311802756379e-5 -7.470348091535973e15
2.521421474887183e-5 -6.332079061389602e15
2.8289649198765197e-5 -5.349925668993772e15
3.174020130152991e-5 -4.5032704362007425e15
3.561162500048303e-5 -3.780254842626834e15
3.995525495025451e-5 -3.1623211893806995e15
4.482868720869053e-5 -2.636764006207554e15
5.029654295427824e-5 -2.1915287860178012e15
5.643132535590152e-5 -1.8158024700111522e15
6.331438095692697e-5 -1.4999509097083312e15
7.103697832146787e-5 -1.2354358683566342e15
7.970151824555755e-5 -1.0147312676840609e15
8.94228915804999e-5 -8.312405529227404e14
0.0001003300026729861 -6.792154121468196e14
0.00011256747862262682 -5.5367614954069056e14
0.00012629758702146766 -4.503342507143695e14
0.00014170238760450414 -3.655178373569219e14
0.00015898614634184648 -2.9610075049848694e14
0.00017837804398313138 -2.39435941627255e14
0.0002001352149691865 -1.932937190149741e14
0.00022454615700657796 -1.5580522476194734e14
0.00025193455651563245 -1.2541133412661094e14
0.00028266358067695205 -1.0081699389132766e14
0.00031714069298849085 -8.095086489280052e13
0.0003558230561869519 -6.493001293474926e13
0.00039922359417565403 -5.202930436840047e13
0.0004479177933393616 -4.165510617404147e13
0.0005025513334307787 -3.332286155540629e13
0.0005638486492134177 -2.6638105847927375e13
0.0006326225363872928 -2.1280498632008676e13
0.0007097849291709694 -1.6990471323344752e13
0.0007963589924495093 -1.3558120814393932e13
0.000893492688828897 -1.0814015386016705e13
0.0010024740004945794 -8.621616327327903e12
0.0011247480077143136 -6.871055472843827e12
0.001261936050444388 -5.474043807642614e12
0.0014158572271200447 -4.3597185417509404e12
0.0015885525157016698 -3.471265153627805e12
0.0017823118368192265 -2.763176683583266e12
0.0019997044178692407 -2.199035061006593e12
0.002243612860688948 -1.749718648409575e12
0.0025172713645412355 -1.391956734230586e12
0.002824308611242986 -1.1071656984338364e12
0.00316879588108889 -8.805133150264545e11
0.00355530103758269 -7.001674413320648e11
0.003988949096807404 -5.566934539851892e11
0.004475490184577804 -4.4257147963846265e11
0.005021375782479522 -3.5180995971012256e11
0.005633844273808952 -2.7963658010732214e11
0.006321016923743719 -2.222512584684986e11
0.007092005566430292 -1.766288576720069e11
0.00795703342690773 -1.403617071867032e11
0.00892757067995306 -1.1153396546134752e11
0.010016486543343733 -8.862143193108975e10
0.011238219922277179 -7.04116866193135e10
0.012608970867673795 -5.594045654179187e10
0.014146915387079491 -4.444092854277189e10
0.015872446456536952 -3.530338647392593e10
0.017808444429216464 -2.8043078228146854e10
0.019980580426395375 -2.227464058872405e10
0.022417656733717258 -1.7691747813254715e10
0.02515198871634791 -1.4050920029516619e10
0.02821983331718154 -1.1158643331122742e10
0.031661869819936087 -8.861125751658915e9
0.035523739252004256 -7.03615076843127e9
0.03985664957948259 -5.586599624361134e9
0.044718054719198604 -4.435301157270122e9
0.05017241637136122 -3.5209374731636524e9
0.05629205877465213 -2.7947892813779244e9
0.06315812771771662 -2.2181488925350404e9
0.07086166652344214 -1.7602640563930776e9
0.07950482327345756 -1.396703815245677e9
0.08920220528051831 -1.1080598292962983e9
0.10008239876893306 -8.789143576904358e8
0.11228967391382787 -6.970201808308278e8
0.12598589784788197 -5.526489659183117e8
0.14135268100179557 -4.380734976201871e8
0.1585937852387284 -3.471562886540586e8
0.17793782571430977 -2.7502272451933366e8
0.19964130228858604 -2.1780138001250026e8
0.22399200068609865 -1.724177091987033e8
0.2513128085031016 -1.3643014348939997e8
0.2819659966617563 -1.0789988419515367e8
0.31635802308291955 -8.52874655340867e7
0.35494492227369867 -6.737058633776622e7
0.3982383522951154 -5.317883895685967e7
0.4468123792920089 -4.194186203885066e7
0.5013110895473005 -3.304815755904068e7
0.5624571299956287 -2.6012379597086817e7
0.6310612904426284 -2.0449352961376846e7
0.7080332545490364 -1.6053437794657268e7
0.7943936621364929 -1.2582140759368032e7
0.8912876427598965 -9.843099410387347e6
1.0 -7.683745924520389e6


1.1266023283923086e-5 -1.8571227035327804e16
1.2640165467836552e-5 -1.602784418015532e16
1.41819148627439e-5 -1.379501383272795e16
1.591171489692061e-5 -1.1839323917685894e16
1.7852502529542035e-5 -1.013070241808448e16
2.0030012392252263e-5 -8.64204218358666e15
2.247311802756379e-5 -7.348878414528872e15
2.521421474887183e-5 -6.229122783104086e15
2.8289649198765197e-5 -5.262954582643452e15
3.174020130152991e-5 -4.4299805735425435e15
3.561162500048303e-5 -3.7187705235429055e15
3.995525495025451e-5 -3.1108912026753945e15
4.482868720869053e-5 -2.5938825508507565e15
5.029654295427824e-5 -2.1558886358505355e15
5.643132535590152e-5 -1.7862728523994708e15
6.331438095692697e-5 -1.4755579403971148e15
7.103697832146787e-5 -1.2153446069305765e15
7.970151824555755e-5 -9.982292096111991e14
8.94228915804999e-5 -8.177224917398816e14
0.0001003300026729861 -6.681696343614568e14
0.00011256747862262682 -5.446719295087074e14
0.00012629758702146766 -4.43010607334176e14
0.00014170238760450414 -3.595735044067859e14
0.00015898614634184648 -2.912853010051484e14
0.00017837804398313138 -2.3554199588620656e14
0.0002001352149691865 -1.9015015712338816e14
0.00022454615700657796 -1.532713184948167e14
0.00025193455651563245 -1.2337170991424681e14
0.00028266358067695205 -9.917733840891972e13
0.00031714069298849085 -7.963428698103942e13
0.0003558230561869519 -6.387397973928464e13
0.00039922359417565403 -5.118307518117934e13
0.0004479177933393616 -4.097759397074942e13
0.0005025513334307787 -3.2780859201777605e13
0.0005638486492134177 -2.620482102638581e13
0.0006326225363872928 -2.0934348437903293e13
0.0007097849291709694 -1.6714093997275062e13
0.0007963589924495093 -1.333756808508413e13
0.000893492688828897 -1.0638094326359168e13
0.0010024740004945794 -8.481354449025076e12
0.0011247480077143136 -6.759267009856459e12
0.001261936050444388 -5.384978795173159e12
0.0014158572271200447 -4.288779429532651e12
0.0015885525157016698 -3.414778351117346e12
0.0017823118368192265 -2.718208674225977e12
0.0019997044178692407 -2.1632445963685298e12
0.002243612860688948 -1.721238091126944e12
0.0025172713645412355 -1.369296907766324e12
0.002824308611242986 -1.0891396631329541e12
0.00316879588108889 -8.661753605485752e11
0.00355530103758269 -6.887642969933488e11
0.003988949096807404 -5.476252981107881e11
0.004475490184577804 -4.3536079983675275e11
0.005021375782479522 -3.460766974915524e11
0.005633844273808952 -2.750783017411164e11
0.006321016923743719 -2.1862734289690955e11
0.007092005566430292 -1.7374789283013876e11
0.00795703342690773 -1.3807144736757645e11
0.00892757067995306 -1.097133319208308e11
0.010016486543343733 -8.71741428638866e10
0.011238219922277179 -6.926118593111421e10
0.012608970867673795 -5.5025877529669266e10
0.014146915387079491 -4.371388194134694e10
0.015872446456536952 -3.472540496544881e10
0.017808444429216464 -2.7583583575506435e10
0.019980580426395375 -2.1909326741473877e10
0.022417656733717258 -1.7401295031970024e10
0.02515198871634791 -1.3819972375736706e10
0.02821983331718154 -1.097499566256507e10
0.031661869819936087 -8.715077353023968e9
0.035523739252004256 -6.9199915031599865e9
0.03985664957948259 -5.494201464807589e9
0.044718054719198604 -4.361793501521358e9
0.05017241637136122 -3.462449074878644e9
0.05629205877465213 -2.748243134897268e9
0.06315812771771662 -2.1810992128628416e9
0.07086166652344214 -1.7307667189439583e9
0.07950482327345756 -1.373213390205406e9
0.08920220528051831 -1.089347753048178e9
0.10008239876893306 -8.640039030617523e8
0.11228967391382787 -6.851347778706462e8
0.12598589784788197 -5.431711324570844e8
0.14135268100179557 -4.305122013277966e8
0.1585937852387284 -3.411210094192716e8
0.17793782571430977 -2.702028413573594e8
0.19964130228858604 -2.1394978916917658e8
0.22399200068609865 -1.6933780461170322e8
0.2513128085031016 -1.3396546917831032e8
0.2819659966617563 -1.059259099367435e8
0.31635802308291955 -8.370504985227789e7
0.35494492227369867 -6.610078037442818e7
0.3982383522951154 -5.215875593886553e7
0.4468123792920089 -4.112139359380979e7
0.5013110895473005 -3.238736305710728e7
0.5624571299956287 -2.547941039378752e7
0.6310612904426284 -2.0018801781565767e7
0.7080332545490364 -1.5705026036483513e7
0.7943936621364929 -1.2299674406286404e7
0.8912876427598965 -9.613638469748832e6
1.0 -7.496943618820466e6


1.1266023283923086e-5 -1.8278751667341136e16
1.2640165467836552e-5 -1.5775424830331962e16
1.41819148627439e-5 -1.3577759681948112e16
1.591171489692061e-5 -1.165287039475986e16
1.7852502529542035e-5 -9.971158631547008e15
2.0030012392252263e-5 -8.505944308686485e15
2.247311802756379e-5 -7.233148308004814e15
2.521421474887183e-5 -6.131031452249947e15
2.8289649198765197e-5 -5.180093607322391e15
3.174020130152991e-5 -4.360151651208535e15
3.561162500048303e-5 -3.66019088082999e15
3.995525495025451e-5 -3.061891023522159e15
4.482868720869053e-5 -2.553027066227695e15
5.029654295427824e-5 -2.1219323502091958e15
5.643132535590152e-5 -1.758138406126906e15
6.331438095692697e-5 -1.4523174565740475e15
7.103697832146787e-5 -1.1962025907289552e15
7.970151824555755e-5 -9.825068187677306e14
8.94228915804999e-5 -8.048431132716924e14
0.0001003300026729861 -6.576457313776532e14
0.00011256747862262682 -5.360931267384615e14
0.00012629758702146766 -4.360329789351351e14
0.00014170238760450414 -3.539100181189596e14
0.00015898614634184648 -2.866973618357148e14
0.00017837804398313138 -2.3183202226056056e14
0.0002001352149691865 -1.8715511409671347e14
0.00022454615700657796 -1.5085712687538853e14
0.00025193455651563245 -1.214284472237745e14
0.00028266358067695205 -9.76151473702814e13
0.00031714069298849085 -7.837990932819883e13
0.0003558230561869519 -6.286783711628031e13
0.00039922359417565403 -5.037682422816949e13
0.0004479177933393616 -4.03320888987512e13
0.0005025513334307787 -3.2264461806638594e13
0.0005638486492134177 -2.5792004836816438e13
0.0006326225363872928 -2.060455026432714e13
0.0007097849291709694 -1.6450772357578545e13
0.0007963589924495093 -1.3127433707462404e13
0.000893492688828897 -1.0470483101154342e13
0.0010024740004945794 -8.347717796399414e12
0.0011247480077143136 -6.652758655313012e12
0.001261936050444388 -5.300120428696102e12
0.0014158572271200447 -4.221190708179652e12
0.0015885525157016698 -3.360959238099954e12
0.0017823118368192265 -2.675364241270394e12
0.0019997044178692407 -2.1291442012491133e12
0.002243612860688948 -1.6941023268014895e12
0.0025172713645412355 -1.347706947676718e12
0.002824308611242986 -1.0719646385826694e12
0.00316879588108889 -8.525142355217385e11
0.00355530103758269 -6.778993836189906e11
0.003988949096807404 -5.389851081612886e11
0.004475490184577804 -4.284903762147119e11
0.005021375782479522 -3.4061393314518756e11
0.005633844273808952 -2.707350473440669e11
0.006321016923743719 -2.151743417934827e11
0.007092005566430292 -1.7100277280079688e11
0.00795703342690773 -1.3588915244040678e11
0.00892757067995306 -1.0797850088849625e11
0.010016486543343733 -8.579504019133505e10
0.011238219922277179 -6.8164870097797745e10
0.012608970867673795 -5.4154355386184425e10
0.014146915387079491 -4.3021048485414185e10
0.015872446456536952 -3.4174608568104557e10
0.017808444429216464 -2.714568913996529e10
0.019980580426395375 -2.156117518349017e10
0.022417656733717258 -1.7124478140720404e10
0.02515198871634791 -1.3599858598722439e10
0.02821983331718154 -1.0799955498819426e10
0.031661869819936087 -8.5758675102746525e9
0.035523739252004256 -6.8092653159976e9
0.03985664957948259 -5.406119713609399e9
0.044718054719198604 -4.2917150603999443e9
0.05017241637136122 -3.4066850263296285e9
0.05629205877465213 -2.703861338593326e9
0.06315812771771662 -2.1457689812324944e9
0.07086166652344214 -1.7026353723341582e9
0.07950482327345756 -1.3508081507643905e9
0.08920220528051831 -1.0714977775701222e9
0.10008239876893306 -8.49778321459275e8
0.11228967391382787 -6.737934518559369e8
0.12598589784788197 -5.341255231275622e8
0.14135268100179557 -4.232942702481858e8
0.1585937852387284 -3.3535850377810776e8
0.17793782571430977 -2.6559965237268916e8
0.19964130228858604 -2.1027034203804415e8
0.22399200068609865 -1.6639465218646553e8
0.2513128085031016 -1.3160943153771277e8
0.2819659966617563 -1.0403823710782659e8
0.31635802308291955 -8.21911922912113e7
0.35494492227369867 -6.488543712271624e7
0.3982383522951154 -5.118193816095166e7
0.4468123792920089 -4.0335295069554545e7
0.5013110895473005 -3.175387200652565e7
0.5624571299956287 -2.4968131023716316e7
0.6310612904426284 -1.960548097013e7
0.7080332545490364 -1.5370302046194492e7
0.7943936621364929 -1.2028081580559513e7
0.8912876427598965 -9.392815426647218e6
1.0 -7.317003229894885e6


1.1266023283923086e-5 -1.7999673547620488e16
1.2640165467836552e-5 -1.5534567926993108e16
1.41819148627439e-5 -1.3370457207504988e16
1.591171489692061e-5 -1.1474957705551652e16
1.7852502529542035e-5 -9.818923068535676e15
2.0030012392252263e-5 -8.376080722090108e15
2.247311802756379e-5 -7.122719574823134e15
2.521421474887183e-5 -6.037433646251191e15
2.8289649198765197e-5 -5.101028949706481e15
3.174020130152991e-5 -4.2935194379015245e15
3.561162500048303e-5 -3.6042941520959205e15
3.995525495025451e-5 -3.0151351441857315e15
4.482868720869053e-5 -2.514042876202721e15
5.029654295427824e-5 -2.089531371630693e15
5.643132535590152e-5 -1.731292614496199e15
6.331438095692697e-5 -1.4301414698004385e15
7.103697832146787e-5 -1.1779373480320895e15
7.970151824555755e-5 -9.67504570150591e14
8.94228915804999e-5 -7.92553656214485e14
0.0001003300026729861 -6.476038597878749e14
0.00011256747862262682 -5.279072620351711e14
0.00012629758702146766 -4.293749484228289e14
0.00014170238760450414 -3.485059367836927e14
0.00015898614634184648 -2.823195633327004e14
0.00017837804398313138 -2.2829197509042497e14
0.0002001352149691865 -1.842972510129641e14
0.00022454615700657796 -1.4855351008797906e14
0.00025193455651563245 -1.1957418917309144e14
0.00028266358067695205 -9.612450662245247e13
0.00031714069298849085 -7.718298315112706e13
0.0003558230561869519 -6.190777608625554e13
0.00039922359417565403 -4.960749930398867e13
0.0004479177933393616 -3.971614731989388e13
0.0005025513334307787 -3.1771714516463152e13
0.0005638486492134177 -2.539809456716092e13
0.0006326225363872928 -2.0289855688830992e13
0.0007097849291709694 -1.6199509645969014e13
0.0007963589924495093 -1.2926922274985064e13
0.000893492688828897 -1.031054728214539e13
0.0010024740004945794 -8.220200555478151e12
0.0011247480077143136 -6.551127290473263e12
0.001261936050444388 -5.219147544763567e12
0.0014158572271200447 -4.156696586478711e12
0.0015885525157016698 -3.3096041453443696e12
0.0017823118368192265 -2.6344812567123477e12
0.0019997044178692407 -2.096604844454669e12
0.002243612860688948 -1.6682086849580667e12
0.0025172713645412355 -1.327105173217947e12
0.002824308611242986 -1.0555756529390632e12
0.00316879588108889 -8.394782662656511e11
0.00355530103758269 -6.675316090627578e11
0.003988949096807404 -5.307402103599426e11
0.004475490184577804 -4.2193423134328595e11
0.005021375782479522 -3.3540101505702545e11
0.005633844273808952 -2.6659040055039578e11
0.006321016923743719 -2.1187920640631784e11
0.007092005566430292 -1.6838312628379434e11
0.00795703342690773 -1.3380657964433133e11
0.00892757067995306 -1.0632292162786308e11
0.010016486543343733 -8.447891810870523e10
0.011238219922277179 -6.711860228568512e10
0.012608970867673795 -5.3322602862443275e10
0.014146915387079491 -4.235981611496459e10
0.015872446456536952 -3.3648921788961758e10
0.017808444429216464 -2.6727745816699528e10
0.019980580426395375 -2.1228875630997158e10
0.022417656733717258 -1.6860256084597393e10
0.02515198871634791 -1.3389751567970753e10
0.02821983331718154 -1.0632865685485846e10
0.031661869819936087 -8.44297412238543e9
0.035523739252004256 -6.703557409478104e9
0.03985664957948259 -5.322024827326885e9
0.044718054719198604 -4.224804024760255e9
0.05017241637136122 -3.353437332464013e9
0.05629205877465213 -2.6614786515196495e9
0.06315812771771662 -2.112026923497669e9
0.07086166652344214 -1.6757657277006466e9
0.07950482327345756 -1.3294052466068997e9
0.08920220528051831 -1.0544440843320643e9
0.10008239876893306 -8.361853251024656e8
0.11228967391382787 -6.629546643192285e8
0.12598589784788197 -5.2547913905305266e8
0.14135268100179557 -4.1639348958795017e8
0.1585937852387284 -3.298479463727938e8
0.17793782571430977 -2.6119661368470082e8
0.19964130228858604 -2.0674989601850456e8
0.22399200068609865 -1.6357781134970334e8
0.2513128085031016 -1.2935373651868482e8
0.2819659966617563 -1.0223027688093738e8
0.31635802308291955 -8.07406586661048e7
0.35494492227369867 -6.372039853551208e7
0.3982383522951154 -5.0245082465756506e7
0.4468123792920089 -3.9580942436803e7
0.5013110895473005 -3.1145599879481744e7
0.5624571299956287 -2.447688554015558e7
0.6310612904426284 -1.9208075045679968e7
0.7080332545490364 -1.5048220808180265e7
0.7943936621364929 -1.1766532124493524e7
0.8912876427598965 -9.179970806298947e6
1.0 -7.143400873191853e6


1.1266023283923086e-5 -1.7733000155357208e16
1.2640165467836552e-5 -1.5304416878657666e16
1.41819148627439e-5 -1.3172369150101064e16
1.591171489692061e-5 -1.1304953111530204e16
1.7852502529542035e-5 -9.67345430712712e15
2.0030012392252263e-5 -8.251989563216475e15
2.247311802756379e-5 -7.01719946840989e15
2.521421474887183e-5 -5.947996467124993e15
2.8289649198765197e-5 -5.025479363658918e15
3.174020130152991e-5 -4.2298471088523125e15
3.561162500048303e-5 -3.550881576528106e15
3.995525495025451e-5 -2.9704572981145935e15
4.482868720869053e-5 -2.476791347916995e15
5.029654295427824e-5 -2.0585704768547678e15
5.643132535590152e-5 -1.7056400089064992e15
6.331438095692697e-5 -1.4089511179509195e15
7.103697832146787e-5 -1.1604839240126398e15
7.970151824555755e-5 -9.53169112793177e14
8.94228915804999e-5 -7.808104168714825e14
0.0001003300026729861 -6.380083088118561e14
0.00011256747862262682 -5.2008522500241606e14
0.00012629758702146766 -4.230128387296472e14
0.00014170238760450414 -3.433420426625235e14
0.00015898614634184648 -2.7813633744959097e14
0.00017837804398313138 -2.249092655560895e14
0.0002001352149691865 -1.8156640504279053e14
0.00022454615700657796 -1.4635227631442447e14
0.00025193455651563245 -1.1780234194865455e14
0.00028266358067695205 -9.470011543866547e13
0.00031714069298849085 -7.603925221868948e13
0.0003558230561869519 -6.099038274368136e13
0.00039922359417565403 -4.887236478328561e13
0.0004479177933393616 -3.9127579054408e13
0.0005025513334307787 -3.130086523852023e13
0.0005638486492134177 -2.502168959256343e13
0.0006326225363872928 -1.9989145777505266e13
0.0007097849291709694 -1.5959412489656871e13
0.0007963589924495093 -1.2735320882053393e13
0.000893492688828897 -1.0157718245073584e13
0.0010024740004945794 -8.098349376190236e12
0.0011247480077143136 -6.454011608771239e12
0.001261936050444388 -5.141772291556993e12
0.0014158572271200447 -4.0950678043244624e12
0.0015885525157016698 -3.2605305285449097e12
0.0017823118368192265 -2.595414408745189e12
0.0019997044178692407 -2.0655108781305132e12
0.002243612860688948 -1.643465144281116e12
0.0025172713645412355 -1.3074183757144734e12
0.002824308611242986 -1.0399144733504491e12
0.00316879588108889 -8.270211387836772e11
0.00355530103758269 -6.576241433270287e11
0.003988949096807404 -5.228613199107419e11
0.004475490184577804 -4.156690822173751e11
0.005021375782479522 -3.304194336342523e11
0.005633844273808952 -2.62629647728229e11
0.006321016923743719 -2.0873024142267236e11
0.007092005566430292 -1.6587965770817084e11
0.00795703342690773 -1.3181634117192656e11
0.00892757067995306 -1.0474072285618918e11
0.010016486543343733 -8.322111076635414e10
0.011238219922277179 -6.6118674740654755e10
0.012608970867673795 -5.252767366870301e10
0.014146915387079491 -4.172784369737934e10
0.015872446456536952 -3.3146484408812145e10
0.017808444429216464 -2.63282755488951e10
0.019980580426395375 -2.0911253705122707e10
0.022417656733717258 -1.6607695788711554e10
0.02515198871634791 -1.3188909944387579e10
0.02821983331718154 -1.047313722935741e10
0.031661869819936087 -8.315929241553805e9
0.035523739252004256 -6.602496009647412e9
0.03985664957948259 -5.241621443336956e9
0.044718054719198604 -4.160825740754901e9
0.05017241637136122 -3.3025195718364673e9
0.05629205877465213 -2.6209469718070784e9
0.06315812771771662 -2.0797553814939601e9
0.07086166652344214 -1.6500643132019749e9
0.07950482327345756 -1.3089304207955093e9
0.08920220528051831 -1.0381276816159239e9
0.10008239876893306 -8.231780495899857e8
0.11228967391382787 -6.525811852348727e8
0.12598589784788197 -5.172024040575325e8
0.14135268100179557 -4.0978636359748137e8
0.1585937852387284 -3.245706718877501e8
0.17793782571430977 -2.5697889737273708e8
0.19964130228858604 -2.033766716832663e8
0.22399200068609865 -1.6087792444248205e8
0.2513128085031016 -1.271909503454298e8
0.2819659966617563 -1.0049612383321194e8
0.31635802308291955 -7.934875769089139e7
0.35494492227369867 -6.260193784554941e7
0.3982383522951154 -4.934522830512363e7
0.4468123792920089 -3.885598383513718e7
0.5013110895473005 -3.056067835899837e7
0.5624571299956287 -2.400418975405059e7
0.6310612904426284 -1.8825404970835235e7
0.7080332545490364 -1.4737845697660705e7
0.7943936621364929 -1.1514281985789085e7
0.8912876427598965 -8.974513535787726e6
1.0 -6.975667002373059e6


1.1266023283923086e-5 -1.7477838952233574e16
1.2640165467836552e-5 -1.508420138337039e16
1.41819148627439e-5 -1.2982832518928102e16
1.591171489692061e-5 -1.114228761365876e16
1.7852502529542035e-5 -9.534265466030344e15
2.0030012392252263e-5 -8.133255497432352e15
2.247311802756379e-5 -6.916234805876275e15
2.521421474887183e-5 -5.862420551671131e15
2.8289649198765197e-5 -4.953191934629578e15
3.174020130152991e-5 -4.168921696051307e15
3.561162500048303e-5 -3.499774415666101e15
3.995525495025451e-5 -2.9277079677702765e15
4.482868720869053e-5 -2.4411478138194355e15
5.029654295427824e-5 -2.0289460497416095e15
5.643132535590152e-5 -1.6810947378737298e15
6.331438095692697e-5 -1.3886754831484098e15
7.103697832146787e-5 -1.1437839071271735e15
7.970151824555755e-5 -9.39452470087274e14
8.94228915804999e-5 -7.695740940777516e14
0.0001003300026729861 -6.288269650274244e14
0.00011256747862262682 -5.126008377061692e14
0.00012629758702146766 -4.169253579190287e14
0.00014170238760450414 -3.384010539334413e14
0.00015898614634184648 -2.7413368440126912e14
0.00017837804398313138 -2.2167257298410488e14
0.0002001352149691865 -1.789534371187474e14
0.00022454615700657796 -1.4424605894685166e14
0.00025193455651563245 -1.1610697597075533e14
0.00028266358067695205 -9.333720706570933e13
0.00031714069298849085 -7.494488905508547e13
0.0003558230561869519 -6.0112587085922945e13
0.00039922359417565403 -4.816896061642945e13
0.0004479177933393616 -3.8564414552285195e13
0.0005025513334307787 -3.0850338378741617e13
0.0005638486492134177 -2.466153038139329e13
0.0006326225363872928 -1.9701414313270574e13
0.0007097849291709694 -1.5729677510577111e13
0.0007963589924495093 -1.255198843826582e13
0.000893492688828897 -1.0011484646564682e13
0.0010024740004945794 -7.981756577098431e12
0.0011247480077143136 -6.361086700188162e12
0.001261936050444388 -5.06773581427389e12
0.0014158572271200447 -4.036098196337818e12
0.0015885525157016698 -3.213574232163388e12
0.0017823118368192265 -2.5580330236799424e12
0.0019997044178692407 -2.0357583043143174e12
0.002243612860688948 -1.6197889533064187e12
0.0025172713645412355 -1.2885807212336082e12
0.002824308611242986 -1.0249287331046849e12
0.00316879588108889 -8.151012045619683e11
0.00355530103758269 -6.481438665176582e11
0.003988949096807404 -5.153221020483738e11
0.004475490184577804 -4.096739912666811e11
0.005021375782479522 -3.25652543864806e11
0.005633844273808952 -2.5883955743684933e11
0.006321016923743719 -2.057169296678234e11
0.007092005566430292 -1.6348400790080356e11
0.00795703342690773 -1.29911793433303e11
0.00892757067995306 -1.0322662473976643e11
0.010016486543343733 -8.20174223332677e10
0.011238219922277179 -6.51617532125857e10
0.012608970867673795 -5.17669183124113e10
0.014146915387079491 -4.1123025936174e10
0.015872446456536952 -3.2665623599329838e10
0.017808444429216464 -2.594594917314222e10
0.019980580426395375 -2.0607253329123867e10
0.022417656733717258 -1.6365958172325344e10
0.02515198871634791 -1.2996667068350155e10
0.02821983331718154 -1.0320240469996304e10
0.031661869819936087 -8.19431205912692e9
0.035523739252004256 -6.505746793540544e9
0.03985664957948259 -5.164643952640344e9
0.044718054719198604 -4.099569192606308e9
0.05017241637136122 -3.253764102336361e9
0.05629205877465213 -2.5821331167636204e9
0.06315812771771662 -2.0488485494597063e9
0.07086166652344214 -1.625447072968083e9
0.07950482327345756 -1.2893168967332647e9
0.08920220528051831 -1.0224955202882662e9
0.10008239876893306 -8.10714351448804e8
0.11228967391382787 -6.426395349778866e8
0.12598589784788197 -5.092687213481059e8
0.14135268100179557 -4.0345176339298487e8
0.1585937852387284 -3.1950989527502394e8
0.17793782571430977 -2.5293316922028238e8
0.19964130228858604 -2.001400762164139e8
0.22399200068609865 -1.5828657645819357e8
0.2513128085031016 -1.2511438809035102e8
0.2819659966617563 -9.883046742995667e7
0.31635802308291955 -7.801127066049437e7
0.35494492227369867 -6.1526703704869166e7
0.3982383522951154 -4.847971336442135e7
0.4468123792920089 -3.8158304320948176e7
0.5013110895473005 -2.9997427334716868e7
0.5624571299956287 -2.354870898748775e7
0.6310612904426284 -1.8456410479623623e7
0.7080332545490364 -1.4438334441609096e7
0.7943936621364929 -1.1270662064935345e7
0.8912876427598965 -8.775912084467785e6
1.0 -6.813379371279789e6


1.1266023283923086e-5 -1.7233384794801388e16
1.2640165467836552e-5 -1.4873226565000964e16
1.41819148627439e-5 -1.2801249241393728e16
1.591171489692061e-5 -1.0986447927703616e16
1.7852502529542035e-5 -9.400917338016132e15
2.0030012392252263e-5 -8.019503858516569e15
2.247311802756379e-5 -6.819506987019599e15
2.521421474887183e-5 -5.780435849501289e15
2.8289649198765197e-5 -4.883938512757618e15
3.174020130152991e-5 -4.1105510847240595e15
3.561162500048303e-5 -3.450811432622357e15
3.995525495025451e-5 -2.8867522759558085e15
4.482868720869053e-5 -2.406999813458808e15
5.029654295427824e-5 -2.0005646199556158e15
5.643132535590152e-5 -1.6575793562523455e15
6.331438095692697e-5 -1.3692505915970992e15
7.103697832146787e-5 -1.1277846053281238e15
7.970151824555755e-5 -9.263113631607e14
8.94228915804999e-5 -7.588092349291162e14
0.0001003300026729861 -6.200308594693851e14
0.00011256747862262682 -5.054304854828913e14
0.00012629758702146766 -4.1109329890161825e14
0.00014170238760450414 -3.3366738096237825e14
0.00015898614634184648 -2.7029897522263634e14
0.00017837804398313138 -2.1857168518987828e14
0.0002001352149691865 -1.7645010304545394e14
0.00022454615700657796 -1.4222821269514088e14
0.00025193455651563245 -1.144827422676376e14
0.00028266358067695205 -9.203148149758898e13
0.00031714069298849085 -7.389644096029884e13
0.0003558230561869519 -5.927161971646447e13
0.00039922359417565403 -4.749506763500672e13
0.0004479177933393616 -3.802487711637579e13
0.0005025513334307787 -3.0418712620847848e13
0.0005638486492134177 -2.4316480731853793e13
0.0006326225363872928 -1.942575360502523e13
0.0007097849291709694 -1.5509579995210309e13
0.0007963589924495093 -1.2376346627009752e13
0.000893492688828897 -9.871385212565371e12
0.0010024740004945794 -7.870054395797892e12
0.0011247480077143136 -6.272059468990573e12
0.001261936050444388 -4.996804604454034e12
0.0014158572271200447 -3.9796017842801743e12
0.0015885525157016698 -3.1685871743153315e12
0.0017823118368192265 -2.5222192230317964e12
0.0019997044178692407 -2.0072533082349607e12
0.002243612860688948 -1.5971054633629636e12
0.0025172713645412355 -1.27053282211824e12
0.002824308611242986 -1.010571193092428e12
0.00316879588108889 -8.036808931933087e11
0.00355530103758269 -6.390609017484152e11
0.003988949096807404 -5.0809880063449634e11
0.004475490184577804 -4.0393007106955316e11
0.005021375782479522 -3.2108533056990857e11
0.005633844273808952 -2.5520819382141208e11
0.006321016923743719 -2.0282978377954407e11
0.007092005566430292 -1.6118863619555167e11
0.00795703342690773 -1.2808694336041446e11
0.00892757067995306 -1.0177586443151784e11
0.010016486543343733 -8.086406782253429e10
0.011238219922277179 -6.424482993185493e10
0.012608970867673795 -5.103794673195713e10
0.014146915387079491 -4.054346367964015e10
0.015872446456536952 -3.2204830330885757e10
0.017808444429216464 -2.557956767401521e10
0.019980580426395375 -2.0315921834354946e10
0.022417656733717258 -1.6134286315153212e10
0.02515198871634791 -1.2812421557691702e10
0.02821983331718154 -1.0173697609841564e10
0.031661869819936087 -8.077742970864753e9
0.035523739252004256 -6.413008174167353e9
0.03985664957948259 -5.0908527539322195e9
0.044718054719198604 -4.040844026614913e9
0.05017241637136122 -3.2070196969022536e9
0.05629205877465213 -2.5449169445760474e9
0.06315812771771662 -2.019210981839134e9
0.07086166652344214 -1.6018381816459136e9
0.07950482327345756 -1.2705044364018512e9
0.08920220528051831 -1.0074997456392502e9
0.10008239876893306 -7.987562137775496e8
0.11228967391382787 -6.330995121550444e8
0.12598589784788197 -5.016540984158608e8
0.14135268100179557 -3.973706289721991e8
0.1585937852387284 -3.1465047503187156e8
0.17793782571430977 -2.490474006602139e8
0.19964130228858604 -1.9703055402110282e8
0.22399200068609865 -1.5579617636427128e8
0.2513128085031016 -1.2311801939536847e8
0.2819659966617563 -9.722851712926425e7
0.31635802308291955 -7.672439195370415e7
0.35494492227369867 -6.049167292018285e7
0.3982383522951154 -4.76461360154617e7
0.4468123792920089 -3.748599604002264e7
0.5013110895473005 -2.9454331208011787e7
0.5624571299956287 -2.3109239250502452e7
0.6310612904426284 -1.810013512436792e7
0.7080332545490364 -1.414892724003076e7
0.7943936621364929 -1.103506877878451e7
0.8912876427598965 -8.583686967695767e6
1.0 -6.656157078922749e6


1.1266023283923086e-5 -1.699890923113171e16
1.2640165467836552e-5 -1.4670863735756362e16
1.41819148627439e-5 -1.2627078212512824e16
1.591171489692061e-5 -1.0836969660778034e16
1.7852502529542035e-5 -9.273012551219824e15
2.0030012392252263e-5 -7.910395667952765e15
2.247311802756379e-5 -6.726727758941906e15
2.521421474887183e-5 -5.701798033065236e15
2.8289649198765197e-5 -4.817512679911471e15
3.174020130152991e-5 -4.0545614594115475e15
3.561162500048303e-5 -3.4038467486444395e15
3.995525495025451e-5 -2.847468192796231e15
4.482868720869053e-5 -2.3742455984661545e15
5.029654295427824e-5 -1.9733416203970712e15
5.643132535590152e-5 -1.635023795701373e15
6.331438095692697e-5 -1.3506185631328202e15
7.103697832146787e-5 -1.1124383455905451e15
7.970151824555755e-5 -9.137066355401651e14
8.94228915804999e-5 -7.484837634812318e14
0.0001003300026729861 -6.115937825242551e14
0.00011256747862262682 -4.98552803012843e14
0.00012629758702146766 -4.0549928410162875e14
0.00014170238760450414 -3.291269190590041e14
0.00015898614634184648 -2.666207838827075e14
0.00017837804398313138 -2.1559736271976684e14
0.0002001352149691865 -1.7404894390358188e14
0.00022454615700657796 -1.4029272524630981e14
0.00025193455651563245 -1.1292480136777319e14
0.00028266358067695205 -9.077904831245642e13
0.00031714069298849085 -7.289078411087623e13
0.0003558230561869519 -5.846497502933159e13
0.00039922359417565403 -4.6848678050821305e13
0.0004479177933393616 -3.7507359283477086e13
0.0005025513334307787 -3.00047020317698e13
0.0005638486492134177 -2.398551266763547e13
0.0006326225363872928 -1.916134242105531e13
0.0007097849291709694 -1.5298464260445156e13
0.0007963589924495093 -1.2207872217483355e13
0.000893492688828897 -9.73700260629591e12
0.0010024740004945794 -7.762910099986314e12
0.0011247480077143136 -6.186664737398187e12
0.001261936050444388 -4.92876739578376e12
0.0014158572271200447 -3.9254103047110786e12
0.0015885525157016698 -3.125435378211099e12
0.0017823118368192265 -2.487866356476719e12
0.0019997044178692407 -1.9799110111653784e12
0.002243612860688948 -1.5753471362145356e12
0.0025172713645412355 -1.2532209475040417e12
0.002824308611242986 -9.967991138237151e11
0.00316879588108889 -7.927262129267026e11
0.00355530103758269 -6.303482179660691e11
0.003988949096807404 -5.0116992235032495e11
0.004475490184577804 -3.98420233268922e11
0.005021375782479522 -3.167042087965074e11
0.005633844273808952 -2.517247579410518e11
0.006321016923743719 -2.0006022008578152e11
0.007092005566430292 -1.5898672018976343e11
0.00795703342690773 -1.2633636873689886e11
0.00892757067995306 -1.0038413275504976e11
0.010016486543343733 -7.975762277479451e10
0.011238219922277179 -6.336518362489473e10
0.012608970867673795 -5.033859652386477e10
0.014146915387079491 -3.998743867405735e10
0.015872446456536952 -3.1762739311932667e10
0.017808444429216464 -2.5228046244699024e10
0.019980580426395375 -2.0036397295758804e10
0.022417656733717258 -1.5911995395076418e10
0.02515198871634791 -1.2635629313096249e10
0.02821983331718154 -1.0033076362502846e10
0.031661869819936087 -7.96587853058824e9
0.035523739252004256 -6.324007291299996e9
0.03985664957948259 -5.0200310684099045e9
0.044718054719198604 -3.984478020650687e9
0.05017241637136122 -3.1621495331519184e9
0.05629205877465213 -2.5091897571784544e9
0.06315812771771662 -1.9907563244560187e9
0.07086166652344214 -1.5791690363985157e9
0.07950482327345756 -1.2524385395743387e9
0.08920220528051831 -9.930970612155888e8
0.10008239876893306 -7.872692408605294e8
0.11228967391382787 -6.239337921160594e8
0.12598589784788197 -4.943368280862096e8
0.14135268100179557 -3.915257158360915e8
0.1585937852387284 -3.0997871191388434e8
0.17793782571430977 -2.4531070887041768e8
0.19964130228858604 -1.9403945969014618e8
0.22399200068609865 -1.533998561891402e8
0.2513128085031016 -1.2119638830603644e8
0.2819659966617563 -9.568593869789845e7
0.31635802308291955 -7.548467844232129e7
0.35494492227369867 -5.9494110263392255e7
0.3982383522951154 -4.684232338993148e7
0.4468123792920089 -3.683733286506617e7
0.5013110895473005 -2.8930018744049516e7
0.5624571299956287 -2.2684691235575482e7
0.6310612904426284 -1.7755713560939718e7
0.7080332545490364 -1.386893666539589e7
0.7943936621364929 -1.0806956036687411e7
0.8912876427598965 -8.397404372696899e6
1.0 -6.503655505891546e6


1.1266023283923086e-5 -1.6773751357213454e16
1.2640165467836552e-5 -1.4476542504828876e16
1.41819148627439e-5 -1.2459828502903666e16
1.591171489692061e-5 -1.0693431482236352e16
1.7852502529542035e-5 -9.150190581289972e15
2.0030012392252263e-5 -7.805623380037195e15
2.247311802756379e-5 -6.637635597870803e15
2.521421474887183e-5 -5.626285430827009e15
2.8289649198765197e-5 -4.753727158707838e15
3.174020130152991e-5 -4.00079512222117e15
3.561162500048303e-5 -3.358748012030358e15
3.995525495025451e-5 -2.8097450040074195e15
4.482868720869053e-5 -2.3427928553990995e15
5.029654295427824e-5 -1.9472003257074632e15
5.643132535590152e-5 -1.6133644851795965e15
6.331438095692697e-5 -1.3327268847054448e15
7.103697832146787e-5 -1.0977018755155418e15
7.970151824555755e-5 -9.016027616553076e14
8.94228915804999e-5 -7.385685781291262e14
0.0001003300026729861 -6.034919549445761e14
0.00011256747862262682 -4.9194840614045744e14
0.00012629758702146766 -4.001275473317746e14
0.00014170238760450414 -3.247668714332442e14
0.00015898614634184648 -2.630887438639284e14
0.00017837804398313138 -2.1274122287653262e14
0.0002001352149691865 -1.7174319242475497e14
0.00022454615700657796 -1.3843414179736052e14
0.00025193455651563245 -1.114287625543318e14
0.00028266358067695205 -8.957637783964714e13
0.00031714069298849085 -7.192508434938286e13
0.0003558230561869519 -5.769037975847503e13
0.00039922359417565403 -4.622797025393646e13
0.0004479177933393616 -3.70104026472947e13
0.0005025513334307787 -2.9607139920488355e13
0.0005638486492134177 -2.3667693534654715e13
0.0006326225363872928 -1.8907435680852137e13
0.0007097849291709694 -1.509573542337856e13
0.0007963589924495093 -1.204609049705027e13
0.000893492688828897 -9.607958189797152e12
0.0010024740004945794 -7.660021810974838e12
0.0011247480077143136 -6.104661917045903e12
0.001261936050444388 -4.863432512260079e12
0.0014158572271200447 -3.873371096928711e12
0.0015885525157016698 -3.0839972904658423e12
0.0017823118368192265 -2.454877663165935e12
0.0019997044178692407 -1.9536544050163018e12
0.002243612860688948 -1.5544526963130276e12
0.0025172713645412355 -1.2365963488842942e12
0.002824308611242986 -9.835737189576161e11
0.00316879588108889 -7.822063239995184e11
0.00355530103758269 -6.219812906539104e11
0.003988949096807404 -4.945159669103475e11
0.004475490184577804 -3.9312897407753564e11
0.005021375782479522 -3.124968532975874e11
0.005633844273808952 -2.4837945221949777e11
0.006321016923743719 -1.9740045086154794e11
0.007092005566430292 -1.5687207010879684e11
0.00795703342690773 -1.2465515013787697e11
0.00892757067995306 -9.90475201154392e10
0.010016486543343733 -7.869498027408522e10
0.011238219922277179 -6.252034535649518e10
0.012608970867673795 -4.966690580008931e10
0.014146915387079491 -3.945339199600072e10
0.015872446456536952 -3.133811185172925e10
0.017808444429216464 -2.4890400670385788e10
0.019980580426395375 -1.976789771289739e10
0.022417656733717258 -1.569846409218741e10
0.02515198871634791 -1.2465796688509665e10
0.02821983331718154 -9.89798452665847e9
0.031661869819936087 -7.858407139208526e9
0.035523739252004256 -6.238496586504104e9
0.03985664957948259 -4.9519822187436905e9
0.044718054719198604 -3.9303149224037514e9
0.05017241637136122 -3.119029475974135e9
0.05629205877465213 -2.4748529358632784e9
0.06315812771771662 -1.963406230587436e9
0.07086166652344214 -1.5573773957953837e9
0.07950482327345756 -1.2350697597228897e9
0.08920220528051831 -9.792481853591456e8
0.10008239876893306 -7.762222264292685e8
0.11228967391382787 -6.151175839718448e8
0.12598589784788197 -4.8729721604826695e8
0.14135268100179557 -3.8590137853418475e8
0.1585937852387284 -3.054821769807043e8
0.17793782571430977 -2.4171322017151788e8
0.19964130228858604 -1.911589494879998e8
0.22399200068609865 -1.5109138481475195e8
0.2513128085031016 -1.1934454478785817e8
0.2819659966617563 -9.41987998075656e7
0.31635802308291955 -7.428900627266765e7
0.35494492227369867 -5.853153413873317e7
0.3982383522951154 -4.606630410533218e7
0.4468123792920089 -3.621074872918105e7
0.5013110895473005 -2.8423245859911654e7
0.5624571299956287 -2.2274076644536246e7
0.6310612904426284 -1.7422360686873496e7
0.7080332545490364 -1.3597739033980513e7
0.7943936621364929 -1.058582838590914e7
0.8912876427598965 -8.216670713303703e6
1.0 -6.355561988657446e6


1.1266023283923086e-5 -1.655730997140609e16
1.2640165467836552e-5 -1.4289744007324988e16
1.41819148627439e-5 -1.2299053530998102e16
1.591171489692061e-5 -1.0555450122086046e16
1.7852502529542035e-5 -9.032123471627874e15
2.0030012392252263e-5 -7.704907231024251e15
2.247311802756379e-5 -6.551992604628248e15
2.521421474887183e-5 -5.553696395816934e15
2.8289649198765197e-5 -4.692411589354395e15
3.174020130152991e-5 -3.9491086208056115e15
3.561162500048303e-5 -3.3153948269903615e15
3.995525495025451e-5 -2.7734819966142235e15
4.482868720869053e-5 -2.3125576098951505e15
5.029654295427824e-5 -1.922070941467883e15
5.643132535590152e-5 -1.5925435962979775e15
6.331438095692697e-5 -1.3155277869999782e15
7.103697832146787e-5 -1.0835358498839345e15
7.970151824555755e-5 -8.899674251170239e14
8.94228915804999e-5 -7.29037206143996e14
0.0001003300026729861 -5.957037455670584e14
0.00011256747862262682 -4.855996617663256e14
0.00012629758702146766 -3.949637466339164e14
0.00014170238760450414 -3.205755972854397e14
0.00015898614634184648 -2.5969342510193925e14
0.00017837804398313138 -2.099956402089043e14
0.0002001352149691865 -1.6952669265775872e14
0.00022454615700657796 -1.3664750030167783e14
0.00025193455651563245 -1.0999063174327512e14
0.00028266358067695205 -8.842025925919567e13
0.00031714069298849085 -7.099676354030931e13
0.0003558230561869519 -5.694576599198126e13
0.00039922359417565403 -4.5631287188465086e13
0.0004479177933393616 -3.653268054579902e13
0.0005025513334307787 -2.922496498832332e13
0.0005638486492134177 -2.336217492957957e13
0.0006326225363872928 -1.8663355610311414e13
0.0007097849291709694 -1.490085233950047e13
0.0007963589924495093 -1.1890569635957646e13
0.000893492688828897 -9.483907529144684e12
0.0010024740004945794 -7.561114920106318e12
0.0011247480077143136 -6.025832152975413e12
0.001261936050444388 -4.800625592817674e12
0.0014158572271200447 -3.8233452907449067e12
0.0015885525157016698 -3.0441623381473965e12
0.0017823118368192265 -2.423165123084364e12
0.0019997044178692407 -1.9284134381783801e12
0.002243612860688948 -1.5343664034005068e12
0.0025172713645412355 -1.220614681419624e12
0.002824308611242986 -9.708597349908838e11
0.00316879588108889 -7.720931725407301e11
0.00355530103758269 -6.139378107028523e11
0.003988949096807404 -4.881191955757393e11
0.004475490184577804 -3.8804219023353766e11
0.005021375782479522 -3.084520522199884e11
0.005633844273808952 -2.4516336413870142e11
0.006321016923743719 -1.9484339188135803e11
0.007092005566430292 -1.548390553276188e11
0.00795703342690773 -1.2303881253178854e11
0.00892757067995306 -9.776247008869402e10
0.010016486543343733 -7.767331406584802e10
0.011238219922277179 -6.170806922123931e10
0.012608970867673795 -4.90210898985749e10
0.014146915387079491 -3.893990554646534e10
0.015872446456536952 -3.092982115592522e10
0.017808444429216464 -2.4565735644726604e10
0.019980580426395375 -1.9509711726876896e10
0.022417656733717258 -1.549312721314276e10
0.02515198871634791 -1.2302474631100348e10
0.02821983331718154 -9.768065330259754e9
0.031661869819936087 -7.755045345755024e9
0.035523739252004256 -6.156250864389157e9
0.03985664957948259 -4.886527294333409e9
0.044718054719198604 -3.8782125945236564e9
0.05017241637136122 -3.077546603929084e9
0.05629205877465213 -2.4418167705852227e9
0.06315812771771662 -1.9370894309150546e9
0.07086166652344214 -1.5364066409485977e9
0.07950482327345756 -1.2183531170423348e9
0.08920220528051831 -9.65917384896995e8
0.10008239876893306 -7.655867832149848e8
0.11228967391382787 -6.06628336303527e8
0.12598589784788197 -4.805173470650013e8
0.14135268100179557 -3.8048338493845975e8
0.1585937852387284 -3.0114956405290484e8
0.17793782571430977 -2.3824595281708962e8
0.19964130228858604 -1.8838188823830232e8
0.22399200068609865 -1.48865094007399e8
0.2513128085031016 -1.1755798596475758e8
0.2819659966617563 -9.276352335450843e7
0.31635802308291955 -7.31345337825281e7
0.35494492227369867 -5.760168712391798e7
0.3982383522951154 -4.5316284862830155e7
0.4468123792920089 -3.560481903519078e7
0.5013110895473005 -2.7932880856169913e7
0.5624571299956287 -2.1876496456541285e7
0.6310612904426284 -1.709936232146778e7
0.7080332545490364 -1.3334767002158724e7
0.7943936621364929 -1.0371235130142765e7
0.8912876427598965 -8.041127957720922e6
1.0 -6.211592107965517e6


1.1266023283923086e-5 -1.6349036814640054e16
1.2640165467836552e-5 -1.410999507024486e16
1.41819148627439e-5 -1.2144346041761316e16
1.591171489692061e-5 -1.042267606157115e16
1.7852502529542035e-5 -8.918512145904493e15
2.0030012392252263e-5 -7.607992093514857e15
2.247311802756379e-5 -6.469581829736381e15
2.521421474887183e-5 -5.483847038350549e15
2.8289649198765197e-5 -4.633410614155931e15
3.174020130152991e-5 -3.899371135411292e15
3.561162500048303e-5 -3.273677399939039e15
3.995525495025451e-5 -2.738587326552478e15
4.482868720869053e-5 -2.2834632824795645e15
5.029654295427824e-5 -1.8978898194435418e15
5.643132535590152e-5 -1.5725083931079912e15
6.331438095692697e-5 -1.2989777073272555e15
7.103697832146787e-5 -1.0699043882659219e15
7.970151824555755e-5 -8.787711553579909e14
8.94228915804999e-5 -7.198655060187584e14
0.0001003300026729861 -5.882094280957981e14
0.00011256747862262682 -4.7949048958390206e14
0.00012629758702146766 -3.8999480302074725e14
0.00014170238760450414 -3.165424809193592e14
0.00015898614634184648 -2.564262279556823e14
0.00017837804398313138 -2.073536607724194e14
0.0002001352149691865 -1.673938307521682e14
0.00022454615700657796 -1.3492827567669878e14
0.00025193455651563245 -1.0860676657461783e14
0.00028266358067695205 -8.730776449997223e13
0.00031714069298849085 -7.010347058199468e13
0.0003558230561869519 -5.622924792085509e13
0.00039922359417565403 -4.505711772094107e13
0.0004479177933393616 -3.607298314448368e13
0.0005025513334307787 -2.885720939588822e13
0.0005638486492134177 -2.3068183160540234e13
0.0006326225363872928 -1.8428484120967062e13
0.0007097849291709694 -1.4713321518165518e13
0.0007963589924495093 -1.174091583192262e13
0.000893492688828897 -9.364536521697727e12
0.0010024740004945794 -7.46593900110659e12
0.0011247480077143136 -5.949975862870697e12
0.001261936050444388 -4.740187630845455e12
0.0014158572271200447 -3.7752062450545493e12
0.0015885525157016698 -3.0058296855147725e12
0.0017823118368192265 -2.3926484673699175e12
0.0019997044178692407 -1.9041242278748958e12
0.002243612860688948 -1.5150374257761077e12
0.0025172713645412355 -1.2052355053328647e12
0.002824308611242986 -9.586249946492345e11
0.00316879588108889 -7.623611751384008e11
0.00355530103758269 -6.06197433571952e11
0.003988949096807404 -4.819634317032788e11
0.004475490184577804 -3.8314702042600964e11
0.005021375782479522 -3.045595810404099e11
0.005633844273808952 -2.420683660281385e11
0.006321016923743719 -1.9238258276551312e11
0.007092005566430292 -1.5288254106110303e11
0.00795703342690773 -1.214832749639686e11
0.00892757067995306 -9.65257394339821e10
0.010016486543343733 -7.669004677904779e10
0.011238219922277179 -6.092630709095976e10
0.012608970867673795 -4.839952131684606e10
0.014146915387079491 -3.844568610602434e10
0.015872446456536952 -3.0536839657094852e10
0.017808444429216464 -2.425323470317325e10
0.019980580426395375 -1.926119062196044e10
0.022417656733717258 -1.5295469336234152e10
0.02515198871634791 -1.2145253632192612e10
0.02821983331718154 -9.642993419052376e9
0.031661869819936087 -7.655534660305342e9
0.035523739252004256 -6.077064760553341e9
0.03985664957948259 -4.823503139670874e9
0.044718054719198604 -3.828041416453414e9
0.05017241637136122 -3.03759793958065e9
0.05629205877465213 -2.409999451278161e9
0.06315812771771662 -1.9117409321861575e9
0.07086166652344214 -1.5162051389005644e9
0.07950482327345756 -1.2022475927055964e9
0.08920220528051831 -9.530720733642641e8
0.10008239876893306 -7.553370237674103e8
0.11228967391382787 -5.984454835984794e8
0.12598589784788197 -4.739808835376378e8
0.14135268100179557 -3.752587562199522e8
0.1585937852387284 -2.9697056258740836e8
0.17793782571430977 -2.3490071600457e8
0.19964130228858604 -1.857017690972772e8
0.22399200068609865 -1.4671581468514767e8
0.2513128085031016 -1.1583260548957686e8
0.2819659966617563 -9.13768472392157e7
0.31635802308291955 -7.201866955002844e7
0.35494492227369867 -5.6702510588098764e7
0.3982383522951154 -4.45906302837376e7
0.4468123792920089 -3.501824463773415e7
0.5013110895473005 -2.745789169226793e7
0.5624571299956287 -2.1491130819650855e7
0.6310612904426284 -1.6786067175669923e7
0.7080332545490364 -1.3079503187296322e7
0.7943936621364929 -1.0162765261963753e7
0.8912876427598965 -7.870449602882521e6
1.0 -6.07148649087736e6


1.1266023283923086e-5 -1.6148430723142654e16
1.2640165467836552e-5 -1.3936863166013682e16
1.41819148627439e-5 -1.1995333763249214e16
1.591171489692061e-5 -1.02947898054966e16
1.7852502529542035e-5 -8.8090832183617e15
2.0030012392252263e-5 -7.51464475548037e15
2.247311802756379e-5 -6.390204959615277e15
2.521421474887183e-5 -5.416569264814561e15
2.8289649198765197e-5 -4.576582220598703e15
3.174020130152991e-5 -3.8514630836639545e15
3.561162500048303e-5 -3.2334953685284845e15
3.995525495025451e-5 -2.7049770391367925e15
4.482868720869053e-5 -2.255439871832519e15
5.029654295427824e-5 -1.874598778764769e15
5.643132535590152e-5 -1.5532106696639698e15
6.331438095692697e-5 -1.2830368250206182e15
7.103697832146787e-5 -1.0567746923503345e15
7.970151824555755e-5 -8.679870133241691e14
8.94228915804999e-5 -7.110314099948671e14
0.0001003300026729861 -5.80990970718054e14
0.00011256747862262682 -4.736061905803625e14
0.00012629758702146766 -3.8520876098621994e14
0.00014170238760450414 -3.126578185240336e14
0.00015898614634184648 -2.532792914908009e14
0.00017837804398313138 -2.0480892796445072e14
0.0002001352149691865 -1.653394750857002e14
0.00022454615700657796 -1.3327233154315512e14
0.00025193455651563245 -1.0727383756605292e14
0.00028266358067695205 -8.623621701131752e13
0.00031714069298849085 -6.924305633173655e13
0.0003558230561869519 -5.5539101726553266e13
0.00039922359417565403 -4.450408052382975e13
0.0004479177933393616 -3.563020453327951e13
0.0005025513334307787 -2.8502988440922344e13
0.0005638486492134177 -2.2785010995576668e13
0.0006326225363872928 -1.8202256217975008e13
0.0007097849291709694 -1.4532691859433275e13
0.0007963589924495093 -1.1596769110165496e13
0.000893492688828897 -9.249558046142283e12
0.0010024740004945794 -7.374265139246631e12
0.0011247480077143136 -5.876910608479452e12
0.001261936050444388 -4.681973278354637e12
0.0014158572271200447 -3.728838197187141e12
0.0015885525157016698 -2.968907158588218e12
0.0017823118368192265 -2.363254322232744e12
0.0019997044178692407 -1.880728378841335e12
0.002243612860688948 -1.496419298167493e12
0.0025172713645412355 -1.1904218546121133e12
0.002824308611242986 -9.468400938180223e11
0.00316879588108889 -7.52986945988344e11
0.00355530103758269 -5.987415623105002e11
0.003988949096807404 -4.760338882187584e11
0.004475490184577804 -3.784317081269539e11
0.005021375782479522 -3.008100935191713e11
0.005633844273808952 -2.3908702838185248e11
0.006321016923743719 -1.9001211807907843e11
0.007092005566430292 -1.509978336006931e11
0.00795703342690773 -1.1998480703258774e11
0.00892757067995306 -9.533436350392886e10
0.010016486543343733 -7.574282243808224e10
0.011238219922277179 -6.017318677111147e10
0.012608970867673795 -4.780071235442328e10
0.014146915387079491 -3.79695515424288e10
0.015872446456536952 -3.015822805555968e10
0.017808444429216464 -2.395215151524809e10
0.019980580426395375 -1.9021741406906933e10
0.022417656733717258 -1.5105019314330244e10
0.02515198871634791 -1.199375935978859e10
0.02821983331718154 -9.522471386619162e9
0.031661869819936087 -7.559638797147303e9
0.035523739252004256 -6.000750551338076e9
0.03985664957948259 -4.762760614259268e9
0.044718054719198604 -3.779682902004716e9
0.05017241637136122 -2.999089351224955e9
0.05629205877465213 -2.3793261953371882e9
0.06315812771771662 -1.8873013240498009e9
0.07086166652344214 -1.4967256919499428e9
0.07950482327345756 -1.1867156913910818e9
0.08920220528051831 -9.406824634640694e8
0.10008239876893306 -7.454492843608326e8
0.11228967391382787 -5.905502269157141e8
0.12598589784788197 -4.6767289126245147e8
0.14135268100179557 -3.7021562842738414e8
0.1585937852387284 -2.929357477138315e8
0.17793782571430977 -2.3167002251898783e8
0.19964130228858604 -1.831126441571627e8
0.22399200068609865 -1.4463882178872025e8
0.2513128085031016 -1.1416464974920166e8
0.2819659966617563 -9.003578957558881e7
0.31635802308291955 -7.093904475569044e7
0.35494492227369867 -5.583212273622713e7
0.3982383522951154 -4.388784546792712e7
0.4468123792920089 -3.44498379876639e7
0.5013110895473005 -2.699733497963721e7
0.5624571299956287 -2.1117230306971774e7
0.6310612904426284 -1.6481879905970182e7
0.7080332545490364 -1.283147464977903e7
0.7943936621364929 -9.960043079367494e6
0.8912876427598965 -7.704337192242211e6
1.0 -5.935008044515617e6


1.1266023283923086e-5 -1.5955032551591938e16
1.2640165467836552e-5 -1.3769952030928024e16
1.41819148627439e-5 -1.18516756354512e16
1.591171489692061e-5 -1.0171498645705528e16
1.7852502529542035e-5 -8.703586224383392e15
2.0030012392252263e-5 -7.424651557798144e15
2.247311802756379e-5 -6.313680307643799e15
2.521421474887183e-5 -5.351709074859389e15
2.8289649198765197e-5 -4.521796302747499e15
3.174020130152991e-5 -3.805274909185584e15
3.561162500048303e-5 -3.194756784966277e15
3.995525495025451e-5 -2.672574218590028e15
4.482868720869053e-5 -2.228423245667769e15
5.029654295427824e-5 -1.852144516548173e15
5.643132535590152e-5 -1.5346062616913798e15
6.331438095692697e-5 -1.2676686580480275e15
7.103697832146787e-5 -1.0441167136940059e15
7.970151824555755e-5 -8.575903185791144e14
8.94228915804999e-5 -7.025147005134031e14
0.0001003300026729861 -5.740318534399284e14
0.00011256747862262682 -4.6793329813392956e14
0.00012629758702146766 -3.805946673949082e14
0.00014170238760450414 -3.089127198730453e14
0.00015898614634184648 -2.5024541384747872e14
0.00017837804398313138 -2.0235561813109766e14
0.0002001352149691865 -1.6335892428029503e14
0.00022454615700657796 -1.3167587832307992e14
0.00025193455651563245 -1.0598879438491662e14
0.00028266358067695205 -8.520316464927952e13
0.00031714069298849085 -6.841355183473061e13
0.0003558230561869519 -5.487374811850625e13
0.00039922359417565403 -4.397091008252258e13
0.0004479177933393616 -3.520333152355953e13
0.0005025513334307787 -2.8161491596156062e13
0.0005638486492134177 -2.2512010498298258e13
0.0006326225363872928 -1.7984154276651047e13
0.0007097849291709694 -1.4358550084374451e13
0.0007963589924495093 -1.1457799676824238e13
0.000893492688828897 -9.13870905391951e12
0.0010024740004945794 -7.285883612410273e12
0.0011247480077143136 -5.806469247492813e12
0.001261936050444388 -4.625849373587042e12
0.0014158572271200447 -3.684135090217758e12
0.0015885525157016698 -2.933310311416302e12
0.0017823118368192265 -2.33491546567038e12
0.0019997044178692407 -1.8581723917747012e12
0.002243612860688948 -1.478469451032352e12
0.0025172713645412355 -1.176139862540817e12
0.002824308611242986 -9.354780936752068e11
0.00316879588108889 -7.439490599932617e11
0.00355530103758269 -5.915531591687913e11
0.003988949096807404 -4.7031701782223865e11
0.004475490184577804 -3.7388548249632416e11
0.005021375782479522 -2.971950270217391e11
0.005633844273808952 -2.362125445967123e11
0.006321016923743719 -1.8772658750915402e11
0.007092005566430292 -1.4918063276660034e11
0.00795703342690773 -1.185399910992566e11
0.00892757067995306 -9.418562621240157e10
0.010016486543343733 -7.482948259648083e10
0.011238219922277179 -5.944699303522762e10
0.012608970867673795 -4.722330004224768e10
0.014146915387079491 -3.751041883547339e10
0.015872446456536952 -2.9793125804175686e10
0.017808444429216464 -2.366180232413129e10
0.019980580426395375 -1.879082080790223e10
0.022417656733717258 -1.492134550210251e10
0.02515198871634791 -1.1847648866542444e10
0.02821983331718154 -9.406226761619202e9
0.031661869819936087 -7.467141281177757e9
0.035523739252004256 -5.927136252165957e9
0.03985664957948259 -4.70416308180292e9
0.044718054719198604 -3.7330284990793414e9
0.05017241637136122 -2.961934599325469e9
0.05629205877465213 -2.3497284900623174e9
0.06315812771771662 -1.8637161772231867e9
0.07086166652344214 -1.4779250595335515e9
0.07950482327345756 -1.1717230614508016e9
0.08920220528051831 -9.28721265318804e8
0.10008239876893306 -7.359018852778567e8
0.11228967391382787 -5.829253434504663e8
0.12598589784788197 -4.615796881455823e8
0.14135268100179557 -3.653431323039861e8
0.1585937852387284 -2.890364847594737e8
0.17793782571430977 -2.2854701288662255e8
0.19964130228858604 -1.8060906419322824e8
0.22399200068609865 -1.4262978641610608e8
0.2513128085031016 -1.1255067984003244e8
0.2819659966617563 -8.873761848409593e7
0.31635802308291955 -6.989348918602052e7
0.35494492227369867 -5.498879954625602e7
0.3982383522951154 -4.3206560850323e7
0.4468123792920089 -3.389851110203867e7
0.5013110895473005 -2.6550346425063435e7
0.5624571299956287 -2.075410832487756e7
0.6310612904426284 -1.6186255083504075e7
0.7080332545490364 -1.259024810208032e7
0.7943936621364929 -9.762724379865179e6
0.8912876427598965 -7.542517292374639e6
1.0 -5.801939554286099e6


1.1266023283923086e-5 -1.5768420749535702e16
1.2640165467836552e-5 -1.3608897847400318e16
1.41819148627439e-5 -1.1713058524388066e16
1.591171489692061e-5 -1.0052533841017322e16
1.7852502529542035e-5 -8.601791207423933e15
2.0030012392252263e-5 -7.337816335778128e15
2.247311802756379e-5 -6.239841063721434e15
2.521421474887183e-5 -5.289125077701105e15
2.8289649198765197e-5 -4.4689334077554695e15
3.174020130152991e-5 -3.760706026086515e15
3.561162500048303e-5 -3.157377230155409e15
3.995525495025451e-5 -2.64130824700738e15
4.482868720869053e-5 -2.2023545228577585e15
5.029654295427824e-5 -1.830478094356349e15
5.643132535590152e-5 -1.51665462109137e15
6.331438095692697e-5 -1.2528397115302615e15
7.103697832146787e-5 -1.0319028642236181e15
7.970151824555755e-5 -8.47558411523248e14
8.94228915804999e-5 -6.94296815431408e14
0.0001003300026729861 -5.67316908926451e14
0.00011256747862262682 -4.62459448271306e14
0.00012629758702146766 -3.761424659553256e14
0.00014170238760450414 -3.0529902267269894e14
0.00015898614634184648 -2.4731798285497756e14
0.00017837804398313138 -1.9998838445988488e14
0.0002001352149691865 -1.6144786190724834e14
0.00022454615700657796 -1.3013543672956925e14
0.00025193455651563245 -1.0474883646012098e14
0.00028266358067695205 -8.42063560517242e13
0.00031714069298849085 -6.761314935440962e13
0.0003558230561869519 -5.423173711863098e13
0.00039922359417565403 -4.3456444502887125e13
0.0004479177933393616 -3.4791433886693566e13
0.0005025513334307787 -2.7831974700382227e13
0.0005638486492134177 -2.224858678541772e13
0.0006326225363872928 -1.777370305547735e13
0.0007097849291709694 -1.419051675338419e13
0.0007963589924495093 -1.1323704741594695e13
0.000893492688828897 -9.031748034915645e12
0.0010024740004945794 -7.200601870551421e12
0.0011247480077143136 -5.738498323232649e12
0.001261936050444388 -4.57169365808398e12
0.0014158572271200447 -3.6409995511742163e12
0.0015885525157016698 -2.8989616124914336e12
0.0017823118368192265 -2.307570179825353e12
0.0019997044178692407 -1.8364071479008452e12
0.002243612860688948 -1.4611488004272065e12
0.0025172713645412355 -1.1623584354129192e12
0.002824308611242986 -9.245142611524752e11
0.00316879588108889 -7.352278463451915e11
0.00355530103758269 -5.846165814499495e11
0.003988949096807404 -4.648003824681967e11
0.004475490184577804 -3.694984546116483e11
0.005021375782479522 -2.937065200230418e11
0.005633844273808952 -2.334386653950041e11
0.006321016923743719 -1.8552102373985846e11
0.007092005566430292 -1.4742699047823257e11
0.00795703342690773 -1.17145689362195e11
0.00892757067995306 -9.307703386670029e10
0.010016486543343733 -7.39480455416086e10
0.011238219922277179 -5.874615109977419e10
0.012608970867673795 -4.6666033011317635e10
0.014146915387079491 -3.706729364276694e10
0.015872446456536952 -2.944074281749416e10
0.017808444429216464 -2.3381559359087048e10
0.019980580426395375 -1.8567930034452164e10
0.022417656733717258 -1.4744051597389671e10
0.02515198871634791 -1.1706607285674936e10
0.02821983331718154 -9.294009382695112e9
0.031661869819936087 -7.377843362298945e9
0.035523739252004256 -5.856063960575801e9
0.03985664957948259 -4.647585093801158e9
0.044718054719198604 -3.6879785438368797e9
0.05017241637136122 -2.926054505648451e9
0.05629205877465213 -2.3211434325810084e9
0.06315812771771662 -1.8409355190992146e9
0.07086166652344214 -1.4597635416303036e9
0.07950482327345756 -1.1572381639535043e9
0.08920220528051831 -9.17163423549058e8
0.10008239876893306 -7.26674921938745e8
0.11228967391382787 -5.755550206031293e8
0.12598589784788197 -4.5568871238452864e8
0.14135268100179557 -3.6063128856893456e8
0.1585937852387284 -2.8526484605959034e8
0.17793782571430977 -2.2552538928822052e8
0.19964130228858604 -1.781860261638669e8
0.22399200068609865 -1.406847341162698e8
0.2513128085031016 -1.1098753843627675e8
0.2819659966617563 -8.747982577180338e7
0.31635802308291955 -6.888001032484601e7
0.35494492227369867 -5.4170958159254186e7
0.3982383522951154 -4.254551900598941e7
0.4468123792920089 -3.3363265082080618e7
0.5013110895473005 -2.6116132503756255e7
0.5624571299956287 -2.0401134498103812e7
0.6310612904426284 -1.5898691939182872e7
0.7080332545490364 -1.2355425734304246e7
0.7943936621364929 -9.570493144305842e6
0.8912876427598965 -7.3847388586135525e6
1.0 -5.672081591149611e6


1.1266023283923086e-5 -1.5588207494001906e16
1.2640165467836552e-5 -1.345336590622233e16
1.41819148627439e-5 -1.1579194349357192e16
1.591171489692061e-5 -9.937648151741384e15
1.7852502529542035e-5 -8.503486609340041e15
2.0030012392252263e-5 -7.253958619508101e15
2.247311802756379e-5 -6.168533763918522e15
2.521421474887183e-5 -5.228687194973635e15
2.8289649198765197e-5 -4.417883639979419e15
3.174020130152991e-5 -3.717663896170025e15
3.561162500048303e-5 -3.121279039216321e15
3.995525495025451e-5 -2.611114156493367e15
4.482868720869053e-5 -2.1771795332461852e15
5.029654295427824e-5 -1.8095544892267032e15
5.643132535590152e-5 -1.4993184439442695e15
6.331438095692697e-5 -1.238519170452083e15
7.103697832146787e-5 -1.020107763137109e15
7.970151824555755e-5 -8.378704455100826e14
8.94228915804999e-5 -6.863606777290089e14
0.0001003300026729861 -5.608321833533635e14
0.00011256747862262682 -4.5717326623807006e14
0.00012629758702146766 -3.718429049614629e14
0.00014170238760450414 -3.018092176794793e14
0.00015898614634184648 -2.4449091537023856e14
0.00017837804398313138 -1.9770230792701775e14
0.0002001352149691865 -1.5960231688741662e14
0.00022454615700657796 -1.2864780584709669e14
0.00025193455651563245 -1.0355138728914525e14
0.00028266358067695205 -8.324371998388145e13
0.00031714069298849085 -6.684018578790066e13
0.0003558230561869519 -5.361173475893711e13
0.00039922359417565403 -4.295961485181399e13
0.0004479177933393616 -3.4393655819941684e13
0.0005025513334307787 -2.751375313136991e13
0.0005638486492134177 -2.1994192569170836e13
0.0006326225363872928 -1.7570465336140164e13
0.0007097849291709694 -1.4028242785125973e13
0.0007963589924495093 -1.1194205739870797e13
0.000893492688828897 -8.92845280179913e12
0.0010024740004945794 -7.118242769200759e12
0.0011247480077143136 -5.672856656808793e12
0.001261936050444388 -4.519393655062288e12
0.0014158572271200447 -3.5993419977176294e12
0.0015885525157016698 -2.8657897334600503e12
0.0017823118368192265 -2.2811616847730166e12
0.0019997044178692407 -1.8153874583488406e12
0.002243612860688948 -1.4444213894433647e12
0.0025172713645412355 -1.1490489672728787e12
0.002824308611242986 -9.13925842029045e11
0.00316879588108889 -7.26805208061516e11
0.00355530103758269 -5.779174380006475e11
0.003988949096807404 -4.594725392563688e11
0.004475490184577804 -3.6526152674504297e11
0.005021375782479522 -2.9033733998424133e11
0.005633844273808952 -2.307596414922866e11
0.006321016923743719 -1.8339085688116302e11
0.007092005566430292 -1.4573327453370013e11
0.00795703342690773 -1.1579901506940056e11
0.00892757067995306 -9.200629228991425e10
0.010016486543343733 -7.309668811403166e10
0.011238219922277179 -5.8069212176765564e10
0.012608970867673795 -4.612776001237511e10
0.014146915387079491 -3.663926117743321e10
0.015872446456536952 -2.9100352223357162e10
0.017808444429216464 -2.3110845076167194e10
0.019980580426395375 -1.8352610203377148e10
0.022417656733717258 -1.4572773005441051e10
0.02515198871634791 -1.1570344942321579e10
0.02821983331718154 -9.185589103441877e9
0.031661869819936087 -7.291562192044675e9
0.035523739252004256 -5.7873884075933485e9
0.03985664957948259 -4.592911238658257e9
0.044718054719198604 -3.644441346358386e9
0.05017241637136122 -2.8913762268657284e9
0.05629205877465213 -2.2935131527644324e9
0.06315812771771662 -1.8189133752876174e9
0.07086166652344214 -1.4422046145451434e9
0.07950482327345756 -1.143231983340104e9
0.08920220528051831 -9.05985887410472e8
0.10008239876893306 -7.177500822927561e8
0.11228967391382787 -5.684247109112521e8
0.12598589784788197 -4.499884072236166e8
0.14135268100179557 -3.560709163654012e8
0.1585937852387284 -2.8161353822738373e8
0.17793782571430977 -2.2259935778152043e8
0.19964130228858604 -1.7583892731167418e8
0.22399200068609865 -1.388000084267296e8
0.2513128085031016 -1.094723208240003e8
0.2819659966617563 -8.626010392170367e7
0.31635802308291955 -6.789677507356651e7
0.35494492227369867 -5.3377142357936636e7
0.3982383522951154 -4.190356311425833e7
0.4468123792920089 -3.2843180949074958e7
0.5013110895473005 -2.5693963179391507e7
0.5624571299956287 -2.0057728886557337e7
0.6310612904426284 -1.5618729769536134e7
0.7080332545490364 -1.2126641564596584e7
0.7943936621364929 -9.383058637652421e6
0.8912876427598965 -7.230770931916999e6
1.0 -5.545250682019397e6


1.1266023283923086e-5 -1.5414035297499348e16
1.2640165467836552e-5 -1.3303047679112448e16
1.41819148627439e-5 -1.144981756330472e16
1.591171489692061e-5 -9.826613677255298e15
1.7852502529542035e-5 -8.408477420048932e15
2.0030012392252263e-5 -7.172912055417479e15
2.247311802756379e-5 -6.099616948241309e15
2.521421474887183e-5 -5.170275523029955e15
2.8289649198765197e-5 -4.36854569980429e15
3.174020130152991e-5 -3.676063219569494e15
3.561162500048303e-5 -3.0863906222099185e15
3.995525495025451e-5 -2.5819320609359255e15
4.482868720869053e-5 -2.1528483438619002e15
5.029654295427824e-5 -1.7893321998890572e15
5.643132535590152e-5 -1.482563344239922e15
6.331438095692697e-5 -1.2246786301462028e15
7.103697832146787e-5 -1.0087080149166576e15
7.970151824555755e-5 -8.285072045160972e14
8.94228915804999e-5 -6.786905461494175e14
0.0001003300026729861 -5.545648143633891e14
0.00011256747862262682 -4.5206426701215156e14
0.00012629758702146766 -3.6768745637499056e14
0.00014170238760450414 -2.984363830222788e14
0.00015898614634184648 -2.4175860407315056e14
0.00017837804398313138 -1.9549285427433653e14
0.0002001352149691865 -1.578186287591391e14
0.00022454615700657796 -1.272100351354839e14
0.00025193455651563245 -1.0239407190328306e14
0.00028266358067695205 -8.23133472227939e13
0.00031714069298849085 -6.609312812010016e13
0.0003558230561869519 -5.3012511414300305e13
0.00039922359417565403 -4.247943580805337e13
0.0004479177933393616 -3.4009208461383574e13
0.0005025513334307787 -2.720619581798257e13
0.0005638486492134177 -2.174832337059712e13
0.0006326225363872928 -1.737403809950611e13
0.0007097849291709694 -1.3871406403376605e13
0.0007963589924495093 -1.1069045896346953e13
0.000893492688828897 -8.828618546713135e12
0.0010024740004945794 -7.038643020114733e12
0.0011247480077143136 -5.609414112332202e12
0.001261936050444388 -4.468845685663489e12
0.0014158572271200447 -3.5590798546322573e12
0.0015885525157016698 -2.833728925266512e12
0.0017823118368192265 -2.2556376419097397e12
0.0019997044178692407 -1.795071668917513e12
0.002243612860688948 -1.428254073718563e12
0.0025172713645412355 -1.1361850897206335e12
0.002824308611242986 -9.036918619174037e11
0.00316879588108889 -7.186644637041023e11
0.00355530103758269 -5.714424633423828e11
0.003988949096807404 -4.5432294034920435e11
0.004475490184577804 -3.61166312792148e11
0.005021375782479522 -2.870808200950902e11
0.005633844273808952 -2.281701733126726e11
0.006321016923743719 -1.8133187449945953e11
0.007092005566430292 -1.440961368416453e11
0.00795703342690773 -1.1449730727037401e11
0.00892757067995306 -9.097128675546106e10
0.010016486543343733 -7.227372976169647e10
0.011238219922277179 -5.7414840802292725e10
0.012608970867673795 -4.560741984678394e10
0.014146915387079491 -3.6225478207149826e10
0.015872446456536952 -2.8771284005486908e10
0.017808444429216464 -2.2849127106863487e10
0.019980580426395375 -1.814443832530197e10
0.022417656733717258 -1.4407173650077276e10
0.02515198871634791 -1.1438594819961859e10
0.02821983331718154 -9.080753779487272e9
0.031661869819936087 -7.208129224340682e9
0.035523739252004256 -5.720975687171515e9
0.03985664957948259 -4.540035132263973e9
0.044718054719198604 -3.6023323887028055e9
0.05017241637136122 -2.8578326174482455e9
0.05629205877465213 -2.266784307080459e9
0.06315812771771662 -1.7976073675111387e9
0.07086166652344214 -1.4252146114634233e9
0.07950482327345756 -1.129677773646152e9
0.08920220528051831 -8.951674091860068e8
0.10008239876893306 -7.091104866562452e8
0.11228967391382787 -5.61521004813695e8
0.12598589784788197 -4.444681198756467e8
0.14135268100179557 -3.5165355296242046e8
0.1585937852387284 -2.7807583836416936e8
0.17793782571430977 -2.1976357762594616e8
0.19964130228858604 -1.7356352490654972e8
0.22399200068609865 -1.3697223889319685e8
0.2513128085031016 -1.0800234949575286e8
0.2819659966617563 -8.507632591057906e7
0.31635802308291955 -6.694209371840282e7
0.35494492227369867 -5.260600983021408e7
0.3982383522951154 -4.127962684087882e7
0.4468123792920089 -3.2337411606746107e7
0.5013110895473005 -2.5283165519026008e7
0.5624571299956287 -1.9723356913011126e7
0.6310612904426284 -1.5345943907280834e7
0.7080332545490364 -1.1903558238173516e7
0.7943936621364929 -9.200152866138441e6
0.8912876427598965 -7.080400618840205e6
1.0 -5.421277705058392e6


1.1266023283923086e-5 -1.5245574023855912e16
1.2640165467836552e-5 -1.3157658243245698e16
1.41819148627439e-5 -1.1324682936145582e16
1.591171489692061e-5 -9.719219953582102e15
1.7852502529542035e-5 -8.316583549662588e15
2.0030012392252263e-5 -7.094523017624609e15
2.247311802756379e-5 -6.032959979780819e15
2.521421474887183e-5 -5.11377933203468e15
2.8289649198765197e-5 -4.3208260380347185e15
3.174020130152991e-5 -3.6358252226994375e15
3.561162500048303e-5 -3.052645866533559e15
3.995525495025451e-5 -2.553706656101237e15
4.482868720869053e-5 -2.1293148420985482e15
5.029654295427824e-5 -1.7697729003297395e15
5.643132535590152e-5 -1.466357566837107e15
6.331438095692697e-5 -1.2112918591825408e15
7.103697832146787e-5 -9.976820140323122e14
7.970151824555755e-5 -8.194509427331034e14
8.94228915804999e-5 -6.712718837972498e14
0.0001003300026729861 -5.485029236964471e14
0.00011256747862262682 -4.471227677790849e14
0.00012629758702146766 -3.636682446366261e14
0.00014170238760450414 -2.951741264214017e14
0.00015898614634184648 -2.3911587065889744e14
0.00017837804398313138 -1.9335583615915328e14
0.0002001352149691865 -1.5609341712217594e14
0.00022454615700657796 -1.258193997999782e14
0.00025193455651563245 -1.0127469704235906e14
0.00028266358067695205 -8.141347461989153e13
0.00031714069298849085 -6.5370560626680484e13
0.0003558230561869519 -5.243293153804641e13
0.00039922359417565403 -4.2014997437149484e13
0.0004479177933393616 -3.3637363304816598e13
0.0005025513334307787 -2.6908719972250016e13
0.0005638486492134177 -2.151051330835235e13
0.0006326225363872928 -1.7184049161380627e13
0.0007097849291709694 -1.371971045096772e13
0.0007963589924495093 -1.094798808156109e13
0.000893492688828897 -8.732056131621933e12
0.0010024740004945794 -6.961651828210981e12
0.0011247480077143136 -5.54805051059292e12
0.001261936050444388 -4.4199540034843955e12
0.0014158572271200447 -3.5201368645208276e12
0.0015885525157016698 -2.8027184693064385e12
0.0017823118368192265 -2.2309497170512983e12
0.0019997044178692407 -1.7754213123629246e12
0.002243612860688948 -1.412616244761163e12
0.0025172713645412355 -1.123742451798806e12
0.002824308611242986 -8.937929511775596e11
0.00316879588108889 -7.107902081293691e11
0.00355530103758269 -5.65179406936599e11
0.003988949096807404 -4.4934184492276166e11
0.004475490184577804 -3.5720506826830176e11
0.005021375782479522 -2.8393080362208105e11
0.005633844273808952 -2.2566536675010168e11
0.006321016923743719 -1.793401864538593e11
0.007092005566430292 -1.4251248547272217e11
0.00795703342690773 -1.1323810860357501e11
0.00892757067995306 -8.997006433420009e10
0.010016486543343733 -7.147761851135739e10
0.011238219922277179 -5.678180368860773e10
0.012608970867673795 -4.510403250807058e10
0.014146915387079491 -3.582516601518415e10
0.015872446456536952 -2.8452919410459415e10
0.017808444429216464 -2.2595913814109463e10
0.019980580426395375 -1.794302377371072e10
0.022417656733717258 -1.42469431682615e10
0.02515198871634791 -1.1311110331472736e10
0.02821983331718154 -8.979307497595984e9
0.031661869819936087 -7.1273888085498e9
0.035523739252004256 -5.656702138396566e9
0.03985664957948259 -4.488858529941801e9
0.044718054719198604 -3.561573619385195e9
0.05017241637136122 -2.825361669162193e9
0.05629205877465213 -2.240907633303306e9
0.06315812771771662 -1.7769783598487203e9
0.07086166652344214 -1.4087624414138837e9
0.07950482327345756 -1.1165508352372813e9
0.08920220528051831 -8.846883668185486e8
0.10008239876893306 -7.007405468078554e8
0.11228967391382787 -5.548315187130067e8
0.12598589784788197 -4.391180125967116e8
0.14135268100179557 -3.473713831114158e8
0.1585937852387284 -2.746455379393216e8
0.17793782571430977 -2.1701311670025277e8
0.19964130228858604 -1.71355900829093e8
0.22399200068609865 -1.3519831293437976e8
0.2513128085031016 -1.065751517998131e8
0.2819659966617563 -8.392652745346737e7
0.31635802308291955 -6.6014405825345874e7
0.35494492227369867 -5.1856320964111686e7
0.3982383522951154 -4.0672725436687715e7
0.4468123792920089 -3.1845174770038687e7
0.5013110895473005 -2.4883118075724054e7
0.5624571299956287 -1.9397524900668725e7
0.6310612904426284 -1.5079942176369699e7
0.7080332545490364 -1.1685864211219609e7
0.7943936621364929 -9.021528340163853e6
0.8912876427598965 -6.93343131438675e6
1.0 -5.30000647791816e6


